1.00585
1.26411
1.24105
1.44588
1.42462
1.2706
1.13998
1.13459
1.25944
1.13906
1.23139
1.46568
1.28725
1.62792
1.27208
1.90003
1.42799
1.27055
1.2744
1.41553
1.19631
1.41867
1.52972
1.6109
1.17131
1.0574
1.44399
1.44703
1.15218
1.28703
1.56267
1.48131
1.05148
1.2478
1.20896
1.29812
0.945757
1.44363
1.75199
1.14888
1.47614
1.23262
1.54998
1.56741
1.07166
1.26947
1.03986
1.64454
1.53963
0.981342
1.14465
1.4904
1.60147
1.88387
1.36615
1.33791
1.09075
1.74202
1.30637
1.62657
1.11615
1.29353
1.50786
1.27202
1.58726
1.00874
1.22507
1.33604
1.44963
1.20623
1.28644
0.9726
1.28251
1.36739
0.75692
1.46208
1.29712
0.644649
1.01864
1.56625
1.08711
1.6707
1.73655
1.29898
1.17696
1.13323
1.68311
1.49922
1.63027
1.15256
1.72202
1.19925
1.63611
1.37438
1.4339
1.18537
0.833485
1.30438
0.993416
1.03406
0.570175
1.27798
1.28029
1.33088
1.06534
1.29947
1.03396
1.199
1.16022
1.2454
0.94826
1.51668
1.19856
1.74373
0.968507
1.08517
1.39147
1.38575
0.992166
1.00288
1.41884
1.22876
1.3329
1.25776
1.27885
1.21719
1.14981
1.46415
1.27156
1.08624
1.37261
1.36275
1.09365
1.27951
1.115
1.21138
1.5614
0.946203
1.60523
1.26793
1.3572
0.912511
0.883596
0.913334
0.9319
1.06529
1.62568
1.04674
1.14913
0.998672
1.19445
1.59786
0.960005
0.861849
0.915417
1.24755
0.884335
0.929166
1.12833
1.12748
1.07761
0.709126
1.51428
1.26221
1.24094
1.19625
1.38696
0.988575
1.20827
1.22705
1.30007
1.07877
0.844998
1.26396
1.0527
0.74198
1.29291
1.11832
1.25082
1.54694
1.33221
1.59114
0.959863
1.09342
1.56856
1.20825
1.35063
0.817504
1.43449
1.34414
1.4421
1.28075
0.809711
1.35057
0.944985
1.16554
1.21208
1.03867
1.11828
1.3345
1.357
1.11512
1.52805
1.69282
1.71664
1.36766
1.49402
1.35011
1.21621
1.50353
1.47691
0.949087
0.944439
1.63298
1.58995
1.61979
1.37214
1.53142
1.73549
1.31593
1.29518
1.12483
0.734196
1.48629
1.63945
1.35219
1.50984
1.47063
1.72531
1.36926
1.43809
1.22056
1.17401
1.59396
1.16914
1.24645
1.50502
1.56676
1.19687
1.14048
1.09573
0.76834
1.38551
1.85277
1.15069
1.0643
1.47818
1.54735
1.90246
1.04102
1.24586
1.00442
1.47462
1.48184
1.25162
1.539
1.16522
1.65588
1.04656
1.66937
1.25136
1.73801
1.23396
1.64292
0.857749
1.6008
1.16502
1.63384
1.24474
1.18806
1.29687
1.15891
1.27749
1.16701
1.48671
1.44645
1.84824
1.21968
1.49896
1.07379
1.12593
1.64836
1.40873
1.36257
1.38559
1.55068
1.34553
1.50016
1.16026
1.37306
1.16946
1.3455
1.00598
1.01159
1.14421
1.0706
1.17163
0.756518
1.22842
0.964931
1.20243
0.876211
1.14177
0.721516
1.19518
1.15901
1.55858
0.793272
0.846901
1.34303
1.17726
1.14198
0.836997
1.33078
1.18044
1.25273
1.19127
1.09798
1.16811
1.2029
1.30383
0.956438
0.892156
1.31099
1.19621
0.828127
1.03922
1.09136
1.10807
1.32816
0.888704
1.48129
1.24873
1.22193
0.604595
1.11078
0.664913
1.03367
0.760112
1.47554
1.26088
1.32786
1.09081
1.11784
1.38908
0.747901
0.779122
1.03705
1.30738
0.906509
0.886427
1.09487
1.06754
0.956688
0.948483
1.32342
1.22848
1.12288
1.01406
1.11405
0.85826
1.21957
1.10373
1.0596
1.07814
1.16015
1.24788
0.723273
1.14922
1.30119
0.995545
1.25928
1.30046
1.11342
1.52639
0.708765
1.1518
1.33146
1.15087
1.10646
1.13316
1.40176
1.2842
1.32613
1.30019
0.900537
1.3088
1.07922
1.10793
1.20519
1.03034
1.49843
1.12836
1.55684
1.57331
1.58702
1.1161
1.50807
1.05468
1.12
1.18857
1.27119
1.17276
1.02438
1.25643
1.42103
1.32881
1.31714
1.3826
1.36251
1.60534
1.10302
1.15996
1.26623
1.6071
1.44812
1.39944
1.07489
1.3254
1.7274
1.06413
1.66699
1.35162
0.830786
1.74646
1.49318
1.35201
1.64228
1.37522
1.32454
1.16038
1.12525
1.29691
1.40476
1.80818
1.19349
1.47595
1.76198
1.19344
1.57041
1.44248
1.27556
1.06042
1.48898
1.30615
1.30793
1.41209
0.977048
1.45354
1.31965
1.63125
1.55258
1.59382
1.34124
1.54471
1.02497
1.00506
1.36942
1.29244
1.75086
1.06932
0.635882
1.27018
1.4188
1.25598
1.25932
1.24733
1.65158
1.46646
1.25771
0.905095
1.30171
1.41846
1.64805
1.19413
1.6006
1.59837
1.38073
0.904964
1.03789
1.55768
1.08299
1.57112
1.16142
1.27946
1.29668
1.02831
1.39274
1.4496
1.29202
1.11896
1.18883
0.874767
1.18819
1.10186
0.919721
1.02308
1.31193
1.20882
0.890759
1.27107
1.19031
1.28203
1.37927
1.15661
0.97719
1.15308
1.41832
1.25045
1.07966
1.33991
0.865543
1.32823
1.49657
0.975045
1.28877
1.10325
1.32482
1.46407
1.19993
1.4604
1.09193
1.23046
1.28718
1.46798
1.05466
1.40429
1.22894
1.10257
1.48414
1.18067
1.40461
1.06514
1.32963
1.38802
1.01027
1.35274
1.47887
1.4614
1.21228
1.42474
1.05284
1.27905
1.62411
1.06804
1.35035
1.35354
1.01457
0.916727
1.08359
1.11936
1.02079
1.02929
1.20097
1.30343
1.11988
0.966095
1.39458
1.26002
1.38346
1.23891
1.09086
1.2668
1.11915
0.876098
1.22971
1.06671
1.53199
1.03311
1.28701
0.946022
1.37065
1.07676
1.04167
1.21097
0.879238
1.42889
1.38054
1.17852
0.890872
0.622146
1.45612
0.822735
1.22904
1.15417
0.878226
1.40099
1.28666
1.53254
1.24754
1.22577
1.45177
1.22373
1.40954
1.26808
1.61828
1.60853
0.946687
1.42612
1.28606
1.4596
1.36823
1.08266
1.26644
1.17668
1.34419
0.830254
0.989649
1.20455
0.864844
1.41204
1.16756
1.26346
1.23702
0.865587
1.17812
1.23431
1.63895
1.08811
1.43401
1.05615
1.36443
1.40823
1.44413
1.75583
1.18448
1.61811
1.46546
1.14699
1.50099
1.53316
1.26662
1.29149
0.722653
0.858015
1.25868
1.24627
0.947818
0.893198
1.00999
1.12317
1.12558
1.40594
1.58358
1.20069
1.0756
1.19355
1.51024
1.7045
1.1584
1.30223
1.36821
1.34401
1.31338
1.29648
0.844549
1.56193
1.07497
0.682057
1.43672
1.33993
1.46464
1.65274
1.35579
1.02759
1.68206
1.12641
1.46558
1.28965
1.18323
1.32522
1.20165
1.16707
1.26744
1.15864
0.907687
1.13392
0.850002
1.27952
1.1843
1.60509
1.06837
0.907998
1.22357
1.10373
1.24515
1.1213
1.50168
1.33491
1.17655
1.18115
1.02148
1.22094
1.47475
1.16896
1.15583
0.963115
1.34946
1.13697
0.742746
1.05647
0.835809
1.33994
1.40498
0.97099
1.42981
1.28511
1.4063
1.17573
1.2438
0.679845
1.26949
1.14275
1.50171
1.38039
1.41424
1.57601
1.34158
1.69492
1.06401
1.04974
1.18467
1.65349
1.17318
1.16845
1.06069
1.04049
1.35773
1.25223
1.26012
1.20552
1.0288
1.15212
1.05187
0.967822
1.4211
0.824154
0.993228
1.15162
1.28117
1.33892
0.827306
1.29571
1.08554
1.11923
1.20859
1.29112
1.14625
1.37146
0.903306
1.00689
1.31919
1.35646
1.29901
1.55586
1.57891
1.07412
1.55184
1.36025
1.39588
1.02728
1.22217
1.34781
1.1342
1.15077
0.630318
1.17526
1.22367
0.875292
1.31243
1.13167
1.58622
1.43728
1.26356
1.43266
1.31647
1.36622
1.18623
1.57359
1.58677
0.992107
1.31217
1.326
1.6404
1.15397
0.867929
1.34209
1.23015
0.977129
0.497826
0.974975
1.207
1.05434
1.22129
1.18446
1.36869
1.09235
0.738906
1.05043
1.20112
1.6825
1.27188
1.36984
1.13035
1.22297
1.32383
1.50071
1.69188
1.19924
1.44159
1.5244
1.29998
1.52072
1.59546
1.12889
1.54139
0.569954
1.04492
1.00257
1.29898
1.1156
0.786007
0.877639
1.18823
1.11277
1.45072
1.39192
1.30222
0.84138
1.43752
1.40097
1.66224
1.23095
1.15637
1.42981
1.384
1.2953
1.32369
1.20415
1.54128
0.974827
0.906184
1.34028
1.29257
1.4985
1.51534
1.41665
0.983791
1.57279
1.14907
1.46295
1.49854
1.08595
1.1872
1.19195
1.03111
0.960857
1.15351
0.947189
1.45133
0.972702
1.83746
1.52601
1.2423
1.26447
1.38022
1.2847
0.724745
1.46687
1.1588
1.45142
1.18874
1.30803
1.65212
1.31359
0.997835
1.47303
1.13541
1.05126
0.935695
0.823958
1.0733
1.44587
1.29002
1.34223
1.14464
1.52191
1.29029
1.39756
1.18315
1.42091
1.40335
1.3431
1.24579
1.33683
1.52472
1.71322
1.37639
1.42974
1.30895
1.15908
1.39738
1.60642
1.63116
0.926192
1.54232
1.1212
1.51706
0.746708
1.43507
1.51937
1.31334
0.743602
1.42306
1.10312
1.18138
1.20034
1.50936
0.830357
1.5282
1.24129
1.45541
1.35295
1.19994
1.35839
1.03415
1.32393
1.2306
1.65749
1.57286
1.05985
1.48867
1.25326
1.06424
1.44978
1.29295
1.75959
1.27184
1.53702
1.70914
1.31254
1.82002
1.2007
1.26116
1.33222
1.193
1.03431
0.723551
1.65403
1.00268
1.67264
1.46055
1.45997
1.22481
1.17395
1.04759
1.08961
1.55267
1.30101
1.12535
1.33036
1.43647
1.74576
1.2148
0.881333
1.49575
0.970065
1.22426
0.695948
0.874033
1.26103
1.02732
1.46012
1.30157
1.26398
1.50316
0.766727
1.15945
1.3499
1.54527
1.28832
1.55396
1.15432
1.17487
1.3883
1.51393
1.60827
1.03427
1.40633
1.58458
1.15825
1.58803
1.47539
1.02132
1.3425
0.56166
1.04076
0.887554
1.32353
1.0067
1.06902
0.583849
1.27496
1.02564
1.49455
1.25315
1.39251
0.833408
1.31008
1.27094
1.60864
1.36165
1.01144
1.39537
1.19011
1.18532
1.10419
1.29614
1.53115
1.13624
0.920077
1.37238
1.29646
1.53436
1.3759
1.34622
1.12075
1.59423
1.27978
1.30603
1.48197
1.07296
1.44234
1.32314
1.18071
0.862713
1.08244
1.23723
1.46557
1.05854
0.950516
1.10513
1.0268
1.45511
0.934871
1.13374
1.41541
1.08461
0.869312
1.34905
1.37201
1.13357
1.02848
1.01689
1.17374
0.916024
1.04024
0.56248
0.807398
1.2762
1.16194
1.13229
0.916276
1.37012
1.35226
1.30924
1.09721
1.13789
1.1145
1.23652
1.04931
1.25523
1.20686
1.61369
1.48552
1.22233
1.07641
0.918346
1.03838
1.41422
1.40949
1.28957
1.41438
1.05537
1.17089
1.03985
1.446
1.18116
1.00845
1.01574
0.870783
1.10141
0.959192
0.949456
1.16793
0.941176
1.43924
1.17559
1.35434
1.05005
1.3859
1.05077
1.18698
0.997835
1.06232
1.46964
1.20942
0.721912
1.43529
1.41085
1.28746
1.08238
1.41369
1.62301
1.41755
1.02715
1.45757
1.23408
1.43207
1.03516
0.938277
1.11243
0.889891
1.56196
1.11253
1.38037
1.44116
1.51343
1.44438
1.43474
1.55644
0.765963
1.73841
1.43012
1.09954
1.40862
1.07432
1.52107
1.56873
0.907533
1.76202
0.996172
1.49694
1.20533
0.80855
1.21458
1.44697
1.48002
0.8698
0.860021
1.47122
1.16967
1.65844
1.37032
1.394
1.31678
1.58728
1.11369
1.39399
1.4758
1.64721
1.74314
1.16258
1.51651
1.34281
1.25028
1.85726
1.45859
1.36863
1.26037
1.18951
1.33643
1.12786
1.44387
1.21912
1.31274
0.916815
1.40682
1.19002
1.23247
1.54201
1.42253
1.10482
1.12721
1.36695
1.5382
1.4576
1.38027
1.11889
0.828094
1.52317
1.16005
1.17117
1.64964
1.13934
1.10458
1.26721
1.13493
1.61584
1.52304
1.285
1.26035
1.58237
1.5066
1.24284
1.66407
1.49981
1.34617
1.32995
1.19287
0.807306
1.26302
1.02352
1.05156
1.09799
0.989859
0.97134
0.729377
1.28387
1.00188
1.15286
1.11596
1.05803
1.38699
1.20216
0.88993
1.13229
0.463102
1.16239
0.938779
0.514337
1.15111
1.01356
1.01189
1.13847
1.09669
1.3024
0.928637
0.928037
0.864168
1.31472
0.898358
1.3157
0.711167
1.20557
1.27784
1.39724
1.39705
0.670522
1.10247
1.22801
0.83906
1.29537
1.1914
0.800862
0.917845
0.739362
0.746804
0.635893
1.10121
0.957824
1.14093
0.780584
1.01689
0.874164
1.08556
0.98846
1.25571
0.670588
1.21891
1.15879
1.14655
0.997067
1.12295
1.27184
0.811912
1.10265
0.968441
0.950786
1.36651
0.681124
0.892429
1.06031
1.13446
1.08347
1.28405
1.14562
1.06815
1.14608
1.01995
1.06619
1.25782
1.15991
1.13316
1.19123
1.32167
1.11761
1.2559
0.910112
1.57036
1.41677
1.80926
1.24264
1.37525
1.72809
1.36482
1.10236
1.07469
1.32167
1.42277
1.20234
1.16496
1.41959
0.985845
1.41114
1.14072
1.29153
1.48709
0.818103
1.34047
1.51433
0.816079
1.41216
1.21012
1.07232
1.75191
1.33714
1.17395
1.28862
1.44343
1.56685
1.57372
1.67831
1.49835
1.34229
1.25969
1.51544
1.46548
1.72304
1.51182
1.69474
1.51716
1.32874
1.33598
1.64864
1.51842
1.24295
1.58553
1.16387
1.27212
1.05294
1.39882
1.3451
1.12656
1.73283
1.60368
1.29979
1.08436
1.71969
1.45353
1.55223
1.50078
1.52489
1.37518
1.36031
0.770499
1.51293
1.12008
1.44084
1.0708
1.70277
1.58441
1.31409
1.15229
1.2504
1.65162
1.48167
1.58209
0.896515
1.15441
1.39119
1.48335
1.12701
0.867451
1.20447
0.965757
0.791738
1.32388
0.756075
1.52642
0.982014
0.860539
1.35868
1.53048
0.804982
1.57774
0.783378
1.08458
1.23672
0.812961
1.37738
1.11707
1.0956
1.49042
1.37621
1.15672
1.07946
1.119
1.39054
1.49327
1.43284
1.27146
1.43055
1.28885
1.58616
1.34076
1.51316
1.29222
1.42642
1.44233
1.47571
1.45277
1.52592
0.811513
1.33779
1.20653
1.12826
0.957207
1.40537
1.37793
1.38252
0.881958
1.47768
0.934949
1.00762
1.12475
1.50326
0.755744
1.48695
1.10905
0.872538
1.45474
1.07341
1.14486
0.889641
1.11391
1.17121
1.35488
1.14656
1.10772
1.04854
0.698824
1.00168
1.2294
1.38307
1.50598
0.698861
1.43788
1.24324
1.55343
1.35966
1.42016
1.28386
1.03287
1.3037
1.5507
1.57967
1.35768
1.86394
1.36314
1.42045
1.78518
1.32926
1.26702
1.33861
1.47781
1.53304
1.26909
1.63138
1.37678
1.47114
1.7967
1.34452
1.59141
1.62032
1.33016
1.31208
1.5672
1.22455
1.29987
1.36017
1.49758
1.8471
1.64471
1.57806
1.41605
1.3067
1.70371
1.46039
1.78815
1.23476
1.27318
1.67247
1.45877
1.8431
1.41495
1.83575
1.53148
1.74412
1.25206
1.46558
1.87538
1.22906
1.45395
1.75787
1.22337
1.35336
1.3392
1.4441
1.63893
1.45196
1.57222
1.67066
1.37672
1.53775
1.80158
1.48542
1.62256
1.56076
1.35592
1.26717
1.33654
1.19069
1.46613
1.2318
1.57974
1.17322
1.6597
0.995178
1.59493
1.0752
1.06888
1.54764
1.4478
1.80295
1.25151
1.30721
0.994561
1.3755
0.987204
1.37288
1.21603
1.01527
1.49811
1.15063
1.15019
1.47548
0.996055
1.05223
1.55333
0.741832
1.25789
1.43757
1.53782
1.16642
1.12599
1.07573
1.3302
1.39912
1.03474
1.53635
1.2596
1.12439
0.884638
1.20184
0.99488
1.0081
0.923975
1.40616
1.2734
1.07257
1.02106
1.10996
1.28854
0.902077
0.598338
1.08824
0.956517
1.38773
0.838228
1.35687
0.867359
1.25771
1.17065
1.0821
1.1208
1.53479
0.582973
1.27455
0.978441
1.21968
1.24076
1.47321
0.993328
1.28122
1.40195
0.936428
1.32055
1.3479
1.45144
1.10825
1.29802
1.04905
1.34717
0.955104
1.24899
1.6163
1.34388
0.811397
1.09682
1.20915
1.59145
1.15055
1.09982
0.867032
1.11949
1.01657
1.05808
1.11905
1.1406
1.20323
1.3476
1.04585
1.08792
1.24679
1.45448
0.964712
1.05961
0.805093
1.42827
1.33042
0.871971
1.26796
1.05676
1.31793
0.959714
1.10471
1.03949
0.953762
1.48271
1.25467
1.05452
1.40863
1.1046
1.02006
1.30412
1.16325
0.750381
1.2631
1.56382
1.42011
1.31272
1.36442
1.50909
1.4911
0.840671
1.30511
1.04114
1.459
1.02994
1.29129
1.28074
1.04546
1.2501
1.17065
1.46691
1.1489
1.30728
1.11734
1.21289
0.658871
1.27328
1.30971
1.17941
1.45924
1.23538
1.10993
1.09485
1.30516
1.14651
1.22229
1.03846
1.43401
1.24384
1.18208
0.936045
1.23347
1.27774
1.06734
0.905406
1.47722
1.78891
1.04434
1.37582
1.30293
1.52275
1.26711
1.16983
0.886356
0.866212
0.839038
1.04791
1.11746
0.879454
0.886891
1.57304
0.734946
1.43484
1.29241
1.50322
1.13678
1.42357
1.17898
1.15707
1.45247
0.928283
1.25016
1.04003
1.50109
1.67382
1.34392
1.50112
1.34414
1.22188
1.67905
1.34814
1.62629
1.31404
1.65803
1.25514
1.64465
1.35305
1.48129
1.49914
1.38124
1.38389
1.44184
1.49882
1.42761
1.20731
1.4182
1.3802
1.13088
1.27361
1.64584
1.25218
1.35237
1.06271
1.31388
1.03958
1.0227
0.962791
1.57809
1.16149
1.52132
1.09175
1.09531
1.6195
1.21359
0.969297
1.24812
0.515878
0.99901
1.62189
0.683157
1.3712
1.36657
1.27428
1.1888
1.03064
1.42564
1.78044
1.19354
1.40911
1.48352
1.63955
1.25698
1.21371
1.38095
0.949343
1.21656
1.21128
0.790594
1.26333
1.2102
0.865821
1.55132
1.37249
1.13197
1.15186
0.99146
1.17002
1.24604
1.30566
0.988664
0.938241
0.886432
1.62135
1.45668
1.21225
1.57451
1.02905
0.980596
1.40147
1.57496
1.38288
1.35724
1.32037
0.790915
1.6991
1.22146
1.20087
1.31232
1.12249
1.26326
1.06473
1.49412
1.33762
1.41973
1.2733
1.35032
1.03471
1.19718
1.7155
0.698442
1.13392
1.15835
0.796513
0.668594
1.15058
1.1044
1.31329
1.13197
1.16383
1.4261
1.46608
1.21124
1.39672
1.26929
1.50985
0.760952
0.638989
1.34988
0.889028
1.20151
1.3707
1.29628
1.31496
0.743832
1.29466
1.36982
1.42276
1.33771
1.353
1.32372
1.1015
1.0631
1.40743
1.04293
1.31945
1.40403
0.83107
1.72189
1.3069
1.49785
1.59134
1.45571
1.47173
1.48564
0.899756
1.50207
1.48691
1.20546
1.64998
0.934447
1.4617
1.9871
1.53924
1.80559
1.2786
1.15599
1.45027
1.37095
1.2738
1.41646
1.4919
1.60205
1.50952
1.26128
1.33356
1.2486
1.68684
1.61622
1.21252
1.07221
1.48822
0.779204
1.11621
1.17773
1.03202
1.19733
1.20417
1.49212
1.58627
1.18976
1.49689
1.28661
1.37085
1.08576
1.52208
1.21284
1.47695
1.03932
1.15054
1.41065
0.841336
1.53061
1.28069
1.08288
1.46749
1.54579
1.43376
1.33097
1.12018
1.47556
1.49559
1.38227
1.19362
1.58627
1.26526
1.59509
1.26896
1.3984
1.18394
1.23123
1.65708
1.40655
1.26299
0.97061
1.30952
1.08504
0.966459
1.20265
1.39831
0.906235
1.37118
0.906489
1.17458
1.12715
0.629168
0.991364
1.33778
1.13902
0.953959
0.922827
1.24934
1.15847
1.26036
1.03155
1.30623
1.33335
1.19034
0.998726
1.25953
1.49881
1.4951
1.32493
1.18248
1.13769
0.946631
1.21901
1.60217
1.21156
0.939258
1.12628
1.18116
1.21581
0.685942
1.27426
1.23316
1.22678
0.827427
1.2324
0.970703
0.836044
1.21902
1.52634
0.935743
1.22305
1.2121
1.2113
1.34787
1.24369
1.09273
0.615516
1.21124
0.981685
1.162
1.38753
0.973981
1.20989
0.99778
0.626091
1.14122
1.28454
1.44953
1.09927
1.3541
1.44767
1.17305
1.64371
1.28175
0.9988
1.07594
1.32093
1.51258
0.758367
1.70988
1.17464
1.17148
1.45697
1.00787
1.51136
1.15225
1.62699
1.24974
1.15818
1.24952
1.48001
1.62132
1.40761
1.50171
1.36818
0.991799
1.44563
1.49085
1.70913
1.09151
1.52185
1.15258
1.65618
1.22621
1.09134
1.50426
1.0215
1.18973
1.30809
1.46679
1.11774
1.46843
1.42123
1.60073
1.16786
1.258
1.69044
1.18031
1.2203
1.51152
0.912437
1.18668
1.04531
0.960381
1.69269
1.47447
1.49838
1.32391
1.34779
1.53197
1.42418
1.30489
1.62664
0.654229
1.08494
1.59394
0.806104
1.33414
1.62519
1.51653
1.23664
0.516537
1.21894
1.65538
1.6016
1.16577
1.41863
1.42551
1.39902
1.08194
1.12628
0.963282
1.9356
1.30674
1.31978
1.44715
1.79705
1.39926
1.57505
0.863431
1.57345
1.59304
1.06865
1.58055
1.29632
1.45918
1.81898
1.53966
1.73019
1.50552
1.27296
1.49222
1.51586
1.56864
1.49656
1.52482
1.63068
1.86787
1.57271
1.45132
1.42941
1.53912
1.4779
1.49537
1.52568
1.45827
0.764903
1.14332
1.45703
1.26673
1.09087
1.44071
1.55997
1.76924
1.11647
1.65579
1.1928
1.18243
1.23638
1.85389
1.21027
1.60228
1.30632
1.03225
1.66854
1.29343
1.46187
0.888666
1.17465
1.26465
1.51358
1.41632
1.45826
1.37741
1.19277
1.13846
1.24352
1.49303
1.81327
1.21928
1.64909
1.5964
1.60571
1.57246
1.55184
1.6126
1.40767
1.20883
1.48832
1.50877
0.908629
1.06432
1.37909
1.48615
1.18818
1.07622
1.12146
0.929525
1.20008
1.54508
0.971146
0.890882
1.34673
0.88585
1.46655
1.32767
1.47493
1.24586
1.33512
1.16392
1.06538
1.19301
1.32281
1.55701
1.28531
1.45065
1.29212
1.04833
1.63384
1.49043
1.70141
1.53214
1.14535
1.23118
1.36514
1.55125
0.94039
0.606262
1.27491
0.807928
1.21189
1.33358
1.48397
0.972178
1.27244
1.01393
1.4006
1.82355
1.12568
1.33771
1.18551
1.63205
1.34381
1.26193
1.28757
1.44346
0.99633
1.18561
1.60289
1.45172
1.46579
1.32389
1.12431
1.47885
1.43754
1.27065
1.13211
1.37413
1.02426
1.14374
1.0935
1.27072
1.13449
1.09288
0.98889
1.23672
1.30726
0.694962
1.36928
0.926229
0.993193
1.07011
1.21393
1.47691
1.13733
1.16192
1.19024
1.17292
1.44037
1.24496
1.45199
0.925614
1.52643
1.02956
1.35184
1.10081
1.27028
1.46682
1.23091
1.11299
1.31902
1.29972
1.43814
1.36557
1.53221
1.40275
1.1687
1.24957
1.61409
1.24684
1.01252
1.23721
0.978232
1.00445
0.74297
0.848042
1.20492
1.07678
1.40879
0.96396
1.04682
1.28493
1.16152
0.810492
1.43079
0.670529
1.10766
1.59902
0.470557
1.00025
1.38731
1.1799
1.20483
0.863344
1.1596
1.55113
1.21407
1.06817
1.27648
1.42293
1.11779
1.04008
0.967405
0.607232
1.1881
1.77643
1.05116
1.66143
1.03119
1.34747
1.43494
1.00009
1.43306
1.30539
1.05183
1.41364
1.31826
0.996984
1.34259
1.50994
1.30858
1.56697
1.2355
1.25145
1.41507
1.63162
1.62674
1.45101
1.74474
1.52182
1.79984
1.32232
1.58049
1.48116
1.79885
1.19395
1.42559
1.45846
1.3372
1.3749
1.40901
1.63516
1.48201
1.276
1.58383
1.208
0.900708
1.61672
1.29973
1.03287
1.45011
1.39298
1.05143
1.28053
1.42147
1.1715
1.00008
1.5769
1.54961
1.19309
1.47406
1.0355
1.07213
0.786975
1.17236
1.44755
1.67154
1.56439
0.742034
1.62589
1.33575
1.67068
1.38884
1.70564
1.27231
1.12281
1.6296
1.59623
1.30847
1.53767
1.47358
1.77288
1.31734
1.28897
1.19225
1.37248
1.55106
1.18794
1.23931
1.52299
1.46259
1.3862
1.26831
1.4857
0.732785
1.53137
1.71129
1.54995
1.06713
1.36245
1.69622
1.75654
0.908814
1.41972
1.31038
1.30434
1.43638
1.20923
1.67958
1.19032
1.59398
1.28738
1.54454
1.29797
1.63703
1.26063
1.47355
0.622479
1.58462
1.52235
1.667
1.22705
1.28523
1.25682
1.48388
1.3714
1.00682
1.37416
1.18055
1.58267
1.21845
1.21625
1.347
1.25966
1.51413
1.02162
1.07351
1.44054
1.73528
1.26854
1.59939
1.39364
1.53679
1.3131
1.34823
1.031
0.773332
1.35244
1.1329
1.53559
1.03971
1.24266
1.3153
1.11425
1.25097
1.4548
1.46045
1.21694
1.56807
0.97448
1.14755
1.18229
1.46056
1.35883
1.17064
1.22281
1.03724
1.1659
1.18898
1.05972
1.25048
1.17705
1.31429
0.96324
1.35213
1.33245
1.53416
1.53646
1.23175
1.25026
1.15382
1.50031
1.14899
0.825057
1.44124
0.702115
1.2892
1.39737
1.07987
1.24015
1.34045
1.28698
1.25061
1.72036
1.11802
1.14457
1.50812
1.80466
1.17081
1.3537
1.60168
1.40017
1.00992
1.46445
1.71731
1.53982
1.23923
0.824246
1.2169
1.69584
1.20185
1.23148
0.908475
1.42855
0.714588
1.13278
1.2097
1.58493
1.08563
0.883454
0.856098
0.702777
1.05608
1.24996
1.29325
1.04626
1.21354
1.05613
0.89562
1.29023
1.45246
1.66703
1.46584
1.46449
1.35394
0.910333
1.57188
1.55674
1.72334
1.33319
1.28831
1.46001
1.47999
1.77734
1.69385
1.3197
1.64965
1.11209
1.30167
1.03446
1.70914
1.10844
1.05722
0.745282
1.29228
0.781142
1.20772
1.28902
1.30244
0.571099
1.44553
1.37991
1.41624
1.3712
1.35877
1.09709
1.19667
1.24992
0.954243
1.40082
1.20179
1.00732
1.20125
0.838686
1.16197
1.37856
1.55194
1.41274
0.944437
1.43403
1.38216
1.55804
1.50252
1.37756
1.23476
1.05316
1.43955
1.31213
1.34231
1.21961
1.0835
1.1493
1.36995
1.53121
1.39589
1.53795
1.37405
0.931735
0.901634
1.6017
1.18307
1.16696
1.0512
1.40626
1.57449
1.45128
1.20848
1.38895
1.23372
1.04409
1.01942
1.22404
1.35651
1.36378
1.29557
1.3201
1.07467
1.24181
1.41902
1.19085
1.14515
1.50396
0.728056
1.22313
1.22095
1.30163
1.40707
1.37718
1.43597
1.59529
1.62897
0.956753
1.56432
1.62868
1.65068
1.14806
1.32112
1.29304
1.43515
1.04951
1.51025
1.64616
1.44453
0.796421
1.4492
1.64179
1.61667
1.3445
1.37354
1.31679
1.38482
1.05221
1.18042
1.28098
1.46668
1.29013
0.758863
1.46311
1.15815
1.19188
1.47099
1.31387
1.5483
1.18129
1.17682
1.13494
1.4423
0.992217
1.54534
1.02537
1.43979
1.53043
1.50903
1.54608
0.853832
1.39428
1.46398
1.07053
1.3826
1.42622
0.866887
0.942545
1.08184
0.97122
0.923327
1.27316
1.24369
1.54053
0.976525
1.36833
1.00587
1.21203
1.15687
1.39101
0.816987
1.365
1.27644
1.04357
1.17011
1.26532
1.42641
0.794219
1.32701
1.15513
1.12485
1.5009
0.957991
1.02314
1.01845
1.34136
1.27186
1.44181
1.25064
1.14425
1.33995
1.17823
1.27516
1.27784
1.49783
1.47658
1.41999
1.04316
0.99971
1.09462
1.27863
1.02939
1.39891
1.36683
0.934808
1.15759
1.15127
1.37252
1.50375
1.52746
1.05196
1.49733
1.13476
1.28951
1.42954
1.53731
1.51255
1.24791
1.31914
1.5088
1.43549
1.6565
1.333
1.81646
1.19033
1.30954
1.14868
1.60612
1.40877
0.859154
1.18548
1.13428
1.17413
1.11309
1.00589
1.31207
0.933097
1.69301
1.15791
1.3407
1.32466
1.22967
1.14855
1.5425
1.02816
1.35023
1.69305
1.0256
0.919315
1.43319
1.26476
1.2995
1.21596
1.37143
1.68939
1.17375
1.19015
1.32183
1.57482
1.47943
1.07454
0.858331
0.880566
0.89009
1.00633
1.21804
1.42691
1.12363
1.28558
1.33891
0.966017
1.25419
1.24321
1.73682
1.329
1.5146
1.14325
1.19485
1.52514
1.74854
1.71115
1.37837
1.41558
1.42869
1.37062
1.71082
1.74589
1.19621
1.6582
0.692023
1.3225
0.980393
1.49693
1.16928
0.919047
0.668545
1.25513
1.03023
1.48817
1.4765
1.34602
0.772462
1.48188
1.55051
1.82652
1.24792
1.353
1.47502
1.36551
1.36897
1.20327
1.39645
1.64218
1.06415
1.23063
1.38971
1.28423
1.56398
1.61912
1.64803
1.16071
1.70202
1.53966
1.50283
1.71181
1.12103
1.32736
1.33426
0.922415
1.10298
1.09266
1.0299
0.923291
1.22816
1.12535
1.20079
1.10914
1.21385
1.06497
1.29169
0.987577
1.19024
1.31405
1.5293
1.53532
1.05672
1.15887
1.07239
1.07821
1.44766
1.37535
0.99266
1.2088
0.875957
1.00335
0.848172
1.3184
1.06053
1.08178
0.627864
1.07456
0.855425
0.911273
1.02444
1.20309
0.622127
1.3041
1.1278
1.16302
1.11861
1.23416
0.957194
0.76169
1.00653
0.8883
1.19923
1.19603
0.750339
1.09745
1.04609
1.04974
1.12876
1.43215
1.46201
1.02776
1.19459
1.31634
1.27691
1.34506
1.16724
1.057
1.04795
1.1941
1.60088
1.00245
0.758942
1.41086
1.13925
1.39133
1.2546
1.48683
1.38881
1.16954
1.22505
0.951493
1.6049
1.45628
1.2565
1.58657
1.27454
0.760666
1.2233
1.67623
1.52166
1.49761
1.51694
1.32518
1.41574
1.19818
1.65521
1.03494
0.831214
1.03425
0.867488
0.873911
1.00034
1.44706
1.20756
1.15995
1.06053
1.48253
1.74796
1.16707
1.45181
1.09079
1.43983
1.12463
0.910537
1.41119
1.26183
1.11846
1.48132
1.40458
1.02609
1.13726
1.35003
1.62177
1.40241
1.56816
1.68283
1.27424
1.56231
0.954776
1.1352
0.956184
1.48769
1.65738
1.24785
1.40331
0.926736
1.06294
1.38096
1.42374
1.10263
1.10114
1.40386
1.28627
1.4408
0.890939
1.31962
1.39827
1.70582
1.33079
1.11776
1.04301
1.52045
1.15061
1.1901
1.09773
0.830575
1.38425
1.26914
1.09959
1.03908
1.14565
1.08514
0.995027
1.12814
1.34945
1.02748
1.1662
1.05461
1.19256
1.38584
1.09062
0.951845
1.18741
1.4606
0.897624
1.28601
1.18653
1.11404
1.17941
0.808563
1.376
1.3261
1.18111
1.28209
1.44591
0.977965
1.64575
1.10071
1.42793
0.740905
0.944226
1.41565
0.904542
1.51944
1.56839
0.949449
1.45625
1.17458
1.00113
1.4341
1.25217
1.13982
1.22671
1.73247
1.18248
1.55982
1.70069
1.20295
1.41829
1.40883
1.4225
1.19612
1.51052
1.08413
1.48422
1.23395
1.11847
1.12996
1.16739
1.68966
1.36515
1.48857
1.37456
1.52492
1.11973
1.12747
1.51587
1.12212
1.82744
1.20243
0.943471
1.26747
1.35686
1.45647
1.24035
1.43751
1.71633
1.39649
1.5109
0.729234
1.27564
1.27466
1.42006
1.28679
1.54605
1.58749
1.20812
1.02703
1.01614
1.53003
1.51134
1.51253
0.82911
1.27081
1.06424
1.29771
1.21521
1.55761
1.27119
1.73719
1.58443
1.58741
1.01247
1.26845
1.64158
1.82993
1.79702
1.33837
1.22284
1.27452
1.37943
2.08231
1.41008
1.65974
1.54561
1.31176
1.44685
1.14319
1.67051
1.07728
1.06202
1.19997
1.18114
1.26548
1.37586
1.68761
1.64543
1.30394
1.32835
1.74246
1.89694
1.52818
1.74295
1.37334
1.29656
1.60096
1.12898
1.15243
1.72508
1.19001
1.43144
1.46371
1.1163
1.49394
1.71918
1.42139
1.52421
1.55748
1.61853
1.37202
1.94388
1.48689
1.1047
1.34801
1.57785
1.2607
1.65491
1.26081
0.983037
1.17124
1.16685
1.15596
1.33463
1.25976
1.34858
1.29104
1.39435
1.51638
0.746916
0.978608
1.54164
1.34404
1.46161
1.21818
1.3019
1.34538
1.28623
1.35309
1.21898
1.03638
1.12199
1.02643
1.21617
0.912898
1.42894
1.10427
1.33232
0.785991
1.14934
1.59004
1.19829
1.21576
0.868427
1.18896
1.2381
1.19302
1.34806
1.4307
1.08293
1.28589
1.56601
1.11371
1.38404
1.15397
1.4452
1.46007
1.51073
1.5838
0.944739
1.46602
1.01718
1.15302
1.05301
1.24199
1.27268
1.42161
1.79827
1.63847
1.12694
1.5457
1.48637
1.55664
1.467
1.86222
1.62443
1.59418
1.48415
1.748
1.63414
1.71991
1.47045
1.78634
1.42648
1.28998
1.41765
1.57866
1.53727
1.08199
1.47665
1.40648
1.37333
1.1461
1.57326
1.54059
1.22193
1.72192
1.51708
1.37751
1.51784
1.52639
1.26613
1.50795
1.44632
1.61182
1.32299
1.31505
1.11756
1.22708
1.12492
1.21597
1.36057
1.76346
1.65925
0.918744
1.49779
1.19354
1.85121
1.56369
1.56414
0.875589
0.914213
0.954781
1.27204
1.7309
1.37103
1.30592
1.18962
0.797317
1.51092
1.07886
1.32192
1.16625
1.34028
1.49073
1.17219
1.55696
1.40474
1.29521
1.35703
1.0575
1.04208
1.02364
1.46569
0.814373
0.852619
1.05057
1.02981
0.839501
1.36372
1.386
1.28183
1.01495
1.02999
1.40804
1.6245
1.2338
1.09371
1.39868
1.48838
1.22865
1.06874
1.0956
1.35249
1.10921
0.914279
1.18389
1.19475
1.28719
1.16537
0.943027
1.10556
1.55144
1.03911
1.2227
1.31033
1.07594
1.30304
1.05096
1.08866
1.80291
1.43982
1.26552
1.17765
1.16422
1.63591
1.28212
1.2911
1.13255
1.06513
1.51156
1.23192
1.33422
1.25217
1.08178
1.29368
1.17645
0.837523
0.922718
1.41815
1.06118
1.18398
1.33405
1.02321
1.03864
1.35517
1.10426
1.63307
1.12161
1.54509
1.49526
1.37876
1.283
1.33332
1.67116
1.52691
1.07136
1.1976
1.18665
1.29071
1.1072
1.22805
1.25553
1.30677
0.823245
1.35919
1.34498
1.28102
1.28192
0.965461
1.43193
1.35231
1.20283
1.22274
1.21245
1.49746
0.91997
1.18186
0.531764
1.54903
1.36834
1.51701
1.23354
1.05291
1.25342
1.03348
0.920926
1.24676
1.2804
1.08165
1.07702
1.16084
1.13241
0.889684
1.03097
1.37471
1.26033
1.39183
1.02198
1.30925
1.19509
1.36
1.40861
1.2115
1.34751
1.48245
1.48873
0.847379
1.41766
1.67265
1.26939
1.52249
1.47111
1.04962
1.78059
0.732363
1.30379
1.45278
1.29344
1.15851
1.30496
1.33645
1.48651
1.29166
1.23279
0.975278
1.59406
1.26391
1.04055
1.42451
1.27331
1.18725
1.50756
1.9182
0.85416
1.44092
1.53033
1.43799
1.79357
1.15615
1.13203
1.19339
1.34283
1.40928
1.2787
1.40148
1.3077
1.5472
1.10839
1.73581
1.43572
1.51599
1.37679
1.77629
1.06837
1.18991
1.39771
1.64435
1.43714
0.632023
1.2852
1.49909
1.05076
1.00803
1.28968
1.19264
1.74606
1.73319
1.50147
1.24723
1.41058
1.94205
1.53433
1.57124
1.22249
1.7976
1.66341
1.36808
1.53611
1.20328
1.43268
1.15432
1.23084
1.29122
1.3707
0.947499
1.70739
1.19408
1.45839
1.53588
1.13217
1.7399
1.25159
0.82345
0.980757
1.64287
1.2349
1.10676
1.093
1.08075
1.36679
1.07951
1.45195
1.37463
1.37024
1.17513
1.36429
1.24978
1.42489
0.836002
1.18123
1.26493
1.32524
1.42214
0.545511
1.31445
1.50087
1.33073
1.5136
1.60864
1.20701
1.72352
0.761455
1.1053
1.56644
1.66898
1.45595
1.44535
1.38265
1.42242
1.44531
1.21105
1.15107
1.11277
1.31335
1.41877
1.46737
1.46305
1.52942
1.2446
0.876436
1.04903
1.62707
1.62196
0.860624
1.32695
0.992074
1.37444
1.25647
1.38926
1.47023
1.21523
1.38171
1.14983
1.5754
1.01642
1.52768
1.11011
1.40803
0.697015
1.32668
1.30235
1.46718
1.27894
1.01436
1.24901
1.24768
1.00738
1.09214
1.50411
1.08665
1.62456
1.43413
1.18634
1.09761
1.26332
1.49455
1.07447
1.09128
1.03449
1.65555
1.21993
1.44401
1.25948
1.33214
1.29437
0.969495
0.801402
0.666745
1.45959
1.37378
1.64609
1.43734
0.769327
1.14422
1.18825
0.742965
1.51286
1.1472
1.20863
0.964494
0.999583
1.04384
0.834066
1.1305
1.09378
1.2291
1.24325
0.966974
1.26204
1.35353
1.38167
1.45581
1.19241
1.24191
1.54665
1.63551
0.999877
1.49035
1.64486
1.16726
1.51667
1.26456
0.894158
1.82469
0.826379
1.22639
1.52066
1.33179
1.26729
1.41832
1.16547
1.56186
1.29454
1.2551
0.88351
1.63589
1.2903
1.16971
1.51585
1.85225
1.39964
1.35615
1.48004
1.06821
1.50182
1.40565
1.89924
1.58776
1.67153
1.70221
1.48614
1.43532
1.17487
2.00078
0.80295
1.0624
1.19966
1.01284
0.677931
1.4199
1.35255
1.46338
1.11027
1.29978
1.65565
1.77743
1.42517
1.54177
1.44686
1.72902
1.20742
0.711285
1.54957
1.15618
1.3051
1.55696
1.2199
1.34284
1.14952
1.33914
1.26971
1.50527
1.49734
1.51211
1.42086
1.54191
1.2525
1.44773
1.16001
1.45183
1.71669
1.21677
1.72858
1.47194
1.10816
1.14987
1.42392
1.49034
1.50298
1.11104
1.17287
1.49264
1.04181
1.66748
1.16173
1.59165
1.25706
1.84412
1.38982
1.17985
1.28213
1.55106
1.59463
0.808148
1.47254
1.36551
1.03045
1.30179
1.56507
1.3665
1.88656
1.66331
1.64415
1.01227
1.25803
1.97952
1.74221
1.69221
1.28083
1.55532
1.64524
1.20221
1.15967
1.2068
1.42823
1.10538
1.06256
1.361
1.04524
1.56621
1.79368
1.39302
1.27548
1.10658
1.40371
1.5045
1.30253
1.62624
1.14082
1.59192
1.40241
1.40547
1.21553
1.67662
1.17915
1.36601
1.11382
1.44303
1.28341
1.61472
1.0385
1.14735
1.37319
1.36167
0.961826
1.28362
1.75166
1.15661
1.59793
1.40887
1.15669
1.36664
1.12585
1.54631
1.40834
1.21783
0.905346
1.27019
1.35188
1.59871
1.05307
1.31749
0.921577
1.13393
1.36013
0.872373
1.60989
1.46955
1.08672
1.17974
1.34425
1.31647
1.41515
1.27894
1.72501
1.48743
1.28623
1.51014
1.48272
1.42562
1.63131
1.14265
1.31408
1.20486
1.39397
1.58834
1.63671
1.13078
1.40558
1.63121
1.33224
1.24222
1.64097
1.72252
1.3022
1.44231
1.62446
1.5145
1.40985
1.64658
1.67316
1.30665
1.0941
0.655933
1.50691
1.75194
1.62025
1.58886
0.989291
1.55731
1.06893
1.44089
1.29306
1.13815
1.6111
0.781649
1.48437
1.02449
1.24051
0.972517
0.978994
0.811462
0.916321
1.20576
1.08774
1.37901
1.32057
1.11923
1.3866
1.50613
1.06316
1.56668
1.21648
1.442
1.32352
1.39864
1.2932
1.33979
1.6279
1.21226
1.39206
1.3115
1.11513
1.68274
0.947134
1.12147
1.54762
1.5692
1.34178
1.36705
0.930988
1.59064
1.02169
0.925093
0.986732
1.45813
1.38656
1.31117
1.56474
1.46963
1.29391
1.90714
1.1546
1.5511
1.54801
1.45781
1.35049
0.835176
1.83144
1.07646
1.34456
1.41186
1.01773
1.21776
1.47594
1.02491
1.89313
1.28795
1.71443
1.65714
1.64111
1.57132
1.73904
1.69211
1.54032
1.2842
0.946717
1.5663
1.45758
1.19929
1.77629
1.4899
1.40011
0.981376
1.47213
1.43991
1.82427
0.978273
1.51173
1.30385
1.87697
1.41143
1.19244
1.49297
1.1643
1.38756
1.37429
1.3667
1.2725
1.50387
1.4138
1.29191
1.33071
1.45668
1.16548
1.36505
1.03148
1.28177
0.671302
1.45858
1.31817
1.43372
1.1158
1.32063
1.51162
1.14529
1.40278
1.11914
1.29094
1.24775
1.35339
1.39084
1.43013
1.0909
1.51335
1.5484
0.99501
1.09796
1.25056
1.74236
1.49185
1.50824
1.67005
1.15822
1.57343
1.08513
0.985513
1.02693
1.18592
1.00703
1.31562
0.790438
1.07601
0.871324
1.1199
1.09758
1.01208
1.16793
1.34489
0.734368
1.29742
1.2669
1.14148
1.1923
1.35529
0.984855
1.2084
1.52173
0.928485
1.19432
1.44605
1.36257
1.20613
1.26706
1.13566
1.56273
0.918626
1.16767
1.70898
1.49853
1.18178
1.04735
1.05522
1.657
1.18017
1.12365
0.580768
1.21356
0.968151
1.269
1.37013
1.63137
1.20158
1.31522
1.40009
1.09843
1.58605
1.02706
1.78533
1.47386
1.7159
1.335
1.65053
1.20524
1.26194
1.18734
1.52265
1.57018
1.0347
1.1709
1.05047
1.04039
1.5366
1.65593
1.2907
1.92322
1.59756
1.50237
1.10837
1.26564
1.76029
1.74051
1.36426
1.24258
1.70306
1.46041
1.45323
1.12051
1.41801
0.965257
1.20404
1.37932
1.31539
1.44285
0.911415
1.44947
1.0056
1.15255
1.25079
1.19277
1.36915
1.60742
1.08835
1.6051
1.36363
1.24198
1.94458
1.7459
1.33689
1.34034
1.55672
1.71322
1.38141
1.53391
1.38865
1.2023
1.3652
1.23723
1.58159
1.40983
1.39319
1.84452
1.26494
1.14841
1.21272
1.32652
1.7991
1.25185
1.27658
1.01786
1.69385
1.25302
1.16013
1.38703
1.12333
0.979787
1.08084
0.857683
0.920765
1.56041
1.47088
0.982525
1.51381
1.26934
1.20685
1.22517
1.62721
1.02124
1.55003
1.16377
1.15006
1.36684
0.992923
1.5082
0.881355
1.25077
1.47483
1.32026
1.60948
1.13752
1.06802
1.27915
1.11025
1.35942
1.37337
1.71036
1.00053
1.59635
1.33999
1.42615
1.54746
1.28177
1.34229
1.35107
1.33211
0.878689
1.20161
0.963787
1.25328
1.54234
1.42756
1.23336
1.39879
1.2217
1.42182
1.60973
1.53334
1.03216
1.33875
1.3668
1.33274
1.27605
1.52125
1.07197
1.34368
1.3864
0.888321
1.68268
1.26956
1.05346
1.60941
1.29178
1.22201
1.27965
1.25361
1.52185
1.51263
1.22454
0.992272
1.35368
1.36368
1.44863
1.44074
0.9168
0.970864
1.05339
1.18896
1.00753
0.834385
1.21609
1.30464
1.48051
1.23684
1.35545
0.955856
1.47526
1.23298
1.59543
1.24613
1.07768
1.43602
1.19836
1.22843
1.37831
1.2577
1.64654
0.971068
0.91563
1.58055
1.40961
1.55259
1.50519
1.50958
1.19863
1.48463
1.20346
1.32771
1.4961
1.02685
1.26085
1.37439
1.13752
1.00691
0.981416
1.09198
1.27147
0.947224
1.24323
1.19082
1.07091
1.37072
1.21943
1.28501
1.13546
1.18629
1.20888
1.09825
1.30377
1.24381
0.935593
1.28836
0.892062
1.25009
0.981019
0.733199
1.44376
1.34579
1.03356
1.3526
1.19418
1.18948
1.17162
0.643461
1.25722
0.972191
1.10764
1.12662
1.0962
1.28623
1.14101
1.22839
0.896522
1.16002
1.0249
1.28087
1.03844
1.66245
0.883884
1.43842
1.34045
1.40628
1.3264
1.24583
1.53661
1.01006
1.24975
1.01776
1.25753
1.55999
0.957492
1.29566
1.19996
1.02086
1.15716
1.2242
1.33603
1.32969
1.24919
1.32626
1.08294
1.73239
1.19674
1.12575
1.35413
1.68313
1.39234
1.46458
1.43841
1.74146
1.3068
1.4776
1.56521
1.55449
1.40717
1.09369
1.41943
1.36489
0.966356
1.5319
1.18497
1.46116
1.86523
1.20146
1.8691
1.17832
0.94085
1.82139
1.37612
1.59482
1.33367
1.62022
1.37196
1.62339
1.19693
1.21345
1.52934
1.21913
1.22307
1.42793
0.990892
1.15143
0.785714
0.873066
1.43461
1.36658
1.46957
1.23249
1.07845
1.61941
1.7707
1.35519
1.51124
1.42157
1.51605
1.11026
0.664066
1.06396
1.3102
1.24752
1.22547
1.44561
1.32882
1.09686
1.45402
1.08596
1.50317
1.43359
1.2745
1.24859
1.38506
1.16877
1.39549
1.22843
1.18005
0.75504
1.18197
1.19379
1.33774
1.17038
1.22729
1.17865
1.26962
1.71079
1.22274
1.1581
1.10854
1.58804
1.03899
1.25624
1.29565
1.24092
1.01285
1.13221
1.55811
1.19823
1.26762
1.26719
1.40642
1.27296
1.41941
1.21605
1.27605
1.39139
0.714459
0.861614
0.804893
1.38227
0.879901
1.29552
1.33282
1.43778
0.710175
1.35647
1.33489
1.55595
1.41588
1.20342
1.21588
0.943814
1.17252
0.949372
1.39323
1.46097
1.18145
1.15369
1.20124
1.05642
1.48596
1.52318
1.65357
1.02062
1.68476
1.59833
1.4608
1.62629
1.19055
1.42393
1.25546
1.09844
1.12696
1.11291
1.17053
1.30047
1.09065
1.34183
1.58257
0.966571
1.35562
1.30051
1.59399
0.98831
1.06515
1.20572
1.19532
0.888156
1.32541
1.57142
1.3613
0.833659
1.13137
1.16669
1.58423
1.05591
1.13141
0.953865
1.21574
0.829402
0.967319
1.02767
1.14042
1.34299
1.28173
0.75361
1.17241
1.55942
1.48024
1.15362
1.43291
1.32057
1.32365
1.14486
0.620163
1.25438
1.14392
1.12084
1.29231
0.811447
1.11312
1.00631
1.41237
1.35332
1.10891
1.54838
1.44218
1.42893
1.32899
1.28711
1.43745
1.0821
1.23035
1.22755
1.22969
1.19583
1.02496
0.952819
1.19634
1.20708
0.761919
1.09924
1.02485
1.29821
1.3157
0.996296
0.981675
1.26182
1.15254
0.918346
0.929025
1.22631
1.60485
1.10427
1.30328
1.36162
1.33383
1.22112
1.21046
0.890234
0.665166
1.53087
1.15966
1.71001
0.901312
1.03431
1.40312
1.16536
1.34085
1.40363
0.850464
1.2891
1.72886
1.09233
1.00297
1.50061
1.51122
1.54081
1.0635
1.15272
1.52048
1.57357
0.703946
1.20135
1.26853
1.34961
1.1372
1.15614
1.2688
1.21893
1.2334
1.32894
1.58148
0.712165
1.32558
1.24779
1.70161
1.45263
1.60665
1.55783
1.43821
0.952379
1.27595
1.55142
1.75353
1.55278
1.4306
1.47861
1.39508
1.58432
1.37169
1.40379
0.948489
1.24742
1.46986
1.21617
1.54406
1.37052
1.28637
1.09727
1.32558
1.34236
1.12307
1.27561
1.06778
1.396
1.34261
0.816552
1.20934
0.822715
1.3013
1.31046
1.53833
1.48082
0.954286
1.37881
1.33654
1.50642
1.41894
1.3619
1.32257
1.24587
1.45165
1.77835
1.25218
1.2491
1.28185
1.47105
1.39353
1.25823
1.09428
1.56874
1.36231
1.12972
1.59971
1.2125
1.40084
1.11191
1.16679
1.48816
1.8097
1.47042
0.976439
1.33869
1.14511
1.49071
1.167
1.0034
1.46101
0.614725
0.944479
1.27343
0.966555
1.62547
1.68855
1.21517
1.12559
1.183
1.64117
1.40406
1.44362
0.985046
1.61014
1.33689
1.24615
1.22832
1.24781
1.23473
1.02335
1.12842
1.04573
1.50974
1.29583
1.25761
1.17786
1.24671
1.64542
1.60788
1.17649
1.1551
1.35869
1.18601
1.47884
1.21447
1.48448
1.6831
1.22939
1.16664
1.19786
1.65693
1.22219
1.6595
1.30162
1.22649
1.41286
1.54121
1.55906
1.47501
1.48393
1.29379
1.58024
0.676963
1.30335
1.43167
1.62782
1.254
1.35296
1.33709
1.44872
1.38823
1.24646
1.16308
1.12193
1.23202
1.33672
1.34651
1.1903
1.35391
1.05574
1.60061
1.53974
1.38685
1.22246
0.942108
1.60409
1.29866
1.51607
0.842563
1.49496
1.1739
1.57136
1.17693
1.19808
1.25509
0.858973
1.28766
1.06402
1.24502
0.977415
1.34122
1.55649
0.935039
1.25037
1.24593
1.43134
1.15104
1.38151
1.43481
1.72759
1.16269
1.48746
1.50885
1.55005
1.28919
1.22122
1.10439
0.681013
1.41989
1.32517
1.22636
1.65883
1.19984
1.16815
1.23544
1.00602
1.48241
1.62407
1.68228
1.14567
1.56841
1.55456
1.44214
1.71645
1.5795
1.33727
1.4041
1.08245
1.54077
0.688762
1.25419
1.2875
1.51317
1.2214
0.919773
1.21743
1.66743
1.3109
1.26641
1.30355
1.43185
1.15004
0.82274
1.15966
0.813078
1.35857
1.20232
1.31849
1.49602
1.19801
1.1507
1.03052
1.49894
1.41476
1.47469
1.46865
1.60901
1.38781
1.58553
1.32335
1.46708
1.24899
1.72109
1.2016
0.848607
1.37295
1.20031
1.29004
1.65096
1.16003
1.24612
1.65985
1.10343
1.35968
1.44309
1.52067
1.32699
1.33176
1.36103
1.5033
1.31691
1.40273
0.957282
1.44521
1.71231
1.32372
1.30925
1.38791
1.74065
1.09029
1.2921
1.28373
0.728289
1.13449
1.19949
1.35906
1.11638
1.25823
1.21515
1.22893
0.912176
0.980434
1.07747
1.21771
1.15326
0.85155
1.12282
1.36825
1.26578
1.4938
1.43183
1.2371
0.841323
1.64792
0.867368
1.39533
1.11183
1.25912
1.31523
1.10626
1.19369
1.25407
1.69228
1.51601
0.913464
1.5997
1.44402
1.77501
1.52133
1.77446
1.46806
1.2231
1.20334
1.38063
1.68443
1.07169
1.72302
1.60321
1.44314
1.77539
1.28066
1.07885
0.941029
1.30845
1.45892
1.47178
1.09133
1.2495
1.35883
1.26719
1.25041
1.09628
1.01128
1.26949
1.66506
1.40858
1.34218
0.768517
1.43172
0.917255
1.3054
1.21021
1.70301
1.38006
0.973699
1.03925
1.40481
1.56543
1.53115
1.53094
1.80007
1.29436
1.81227
1.34186
1.47107
1.33822
0.962154
1.13406
1.29979
1.46948
1.46398
1.03072
1.41323
1.35149
0.999858
1.3646
1.17572
1.21167
1.56386
1.05875
1.28672
1.46418
1.35438
1.56379
1.12871
1.11373
0.996693
0.874154
