4.15114
4.58801
4.09487
4.7341
4.16571
4.44937
4.53289
4.39377
4.15846
4.3412
4.46375
4.40594
4.63987
3.74596
4.08099
4.3664
4.49173
4.32492
4.23428
4.23554
4.35344
4.37899
4.40607
4.1224
4.09223
4.71483
4.07812
4.59463
3.86967
3.942
4.40615
4.31767
3.85479
4.24957
4.03665
4.01794
4.07746
4.28185
4.14149
3.87908
4.04588
3.98453
4.72986
4.20383
4.28325
4.45626
4.6342
4.0574
4.12668
4.05908
4.86941
4.50093
4.1245
4.63848
4.18941
4.70341
4.251
4.49615
4.14278
4.43508
3.95268
4.32826
4.39923
4.35303
4.44885
4.35788
4.41979
4.30497
4.36616
4.1452
4.26182
4.138
4.01539
4.54244
4.67737
4.35751
4.02965
4.15219
3.74621
4.22286
4.52158
4.19968
4.26951
4.43426
4.08105
4.20046
4.52106
4.68492
4.24252
4.00468
4.71561
3.85133
4.36174
4.17393
4.01575
4.32465
5.00221
4.5633
3.9969
3.95062
4.19442
4.36462
3.75499
3.91559
4.03483
3.99201
4.15673
3.85562
4.02332
3.84001
3.54873
3.82063
4.07284
3.80927
4.01181
4.04975
3.80047
3.71223
4.07451
4.0972
3.6942
3.90033
3.84207
4.22734
3.94081
3.82699
3.75963
3.7062
4.04422
4.02932
3.78975
4.1049
3.74858
3.77387
4.20164
4.0191
4.32023
4.13538
3.56
3.57797
3.74435
4.10473
3.62278
3.49835
4.26392
3.80464
3.87221
3.63152
3.76991
4.20758
3.98041
4.08307
3.964
4.28252
4.37277
3.84613
3.65812
3.75778
4.05463
4.11786
3.8765
4.08552
4.05998
3.9717
3.9948
3.92131
3.8306
3.60618
3.8526
4.02854
3.62485
3.92814
3.66469
3.98791
3.67399
4.14763
3.68604
3.6802
4.05904
3.75516
3.853
3.6211
3.76137
3.67606
3.65164
4.15587
3.98804
4.26235
3.97623
3.93014
3.75228
4.05135
4.00231
3.94914
3.94116
3.93775
3.75006
4.42637
4.09334
4.00744
4.03672
3.70887
4.27846
4.41524
3.61471
3.85962
4.11987
4.1214
4.12838
3.91373
4.21396
4.19412
4.5188
3.94058
4.25929
3.87771
3.82827
4.00113
4.5073
3.80281
3.79861
4.38226
3.96976
4.01787
3.95595
3.44972
3.95587
4.26361
4.02372
4.31748
4.23016
4.05724
4.51961
4.12087
3.93852
3.96199
3.86682
4.27283
4.18694
3.86647
3.89844
4.16579
3.82018
4.0076
4.12555
3.87328
4.43622
4.09995
4.45738
4.24851
4.3998
4.25625
3.78159
3.68088
4.27117
4.34293
3.84451
4.02872
4.51606
3.83565
3.7354
3.97892
4.2646
3.49145
4.13595
4.49148
3.93446
4.2909
4.1796
3.94216
4.4003
4.00684
4.07189
3.8147
3.9925
4.45887
4.16206
4.0464
3.99367
4.1222
3.86013
4.36732
4.08414
3.98723
4.31358
3.97841
3.9387
3.80513
4.29383
4.42934
4.22581
3.72225
4.20931
3.95418
4.58017
4.00204
4.10948
3.96205
4.15166
3.9924
4.26169
3.97504
4.14593
4.06085
4.14764
4.03851
3.85378
4.05438
4.07671
4.31172
3.7394
4.06487
4.16008
4.25421
4.05777
3.81051
4.26743
3.82005
4.17581
4.06185
3.77945
3.86422
4.34931
4.03648
4.17004
4.00581
4.2869
3.9922
4.07437
4.09333
3.92926
4.26215
4.23486
4.53935
4.46393
3.93811
4.36297
3.9487
4.19792
4.36548
4.14927
4.1455
4.41384
3.94642
4.27288
4.37253
4.10262
4.08392
3.92275
4.19298
4.28206
3.77421
4.4714
4.08016
4.25708
4.24015
4.12976
3.87999
4.10356
3.90227
4.2289
4.0256
3.96971
4.29254
4.06091
4.20937
3.89573
3.81514
3.75691
3.83288
3.99054
3.95911
4.16795
4.17135
3.81513
3.93185
4.23354
4.09598
4.39457
4.24993
3.49716
4.40752
4.23111
4.06455
3.94624
3.82308
4.29906
3.96097
4.05442
3.63024
4.19241
4.14774
4.28629
3.96712
4.0545
4.17271
4.00165
3.83686
4.20895
4.26384
3.9708
3.94413
4.43913
4.44769
4.0193
4.18315
4.12685
4.17725
3.81974
4.29248
4.28638
4.37848
4.21521
4.57733
3.95853
3.89557
4.2316
4.37254
3.85334
3.97237
4.3145
4.58764
4.53193
4.39589
4.05264
3.88774
3.91744
4.22813
4.77504
4.28354
3.98461
4.65842
3.6986
4.15676
3.92448
3.98067
4.37282
4.75907
4.26623
4.12143
4.1099
3.81053
4.50086
4.34439
3.97517
4.00748
4.50411
4.11357
3.86646
4.16905
4.07768
3.7701
4.27564
4.53177
3.8658
4.10031
4.1605
4.3812
4.50419
4.37772
3.68756
4.63476
4.26372
3.80496
4.21945
3.95836
4.23892
3.93839
4.66598
4.12414
4.06387
4.065
4.54088
4.13431
4.44528
4.01032
4.4487
3.94351
4.15593
4.11007
4.19842
4.30066
4.06596
4.07982
4.25282
4.35046
4.00045
4.07394
3.95114
4.24234
4.07087
4.39309
4.01481
3.89036
4.08899
4.06946
4.217
4.38493
3.93054
4.0891
4.30017
4.45023
3.88093
4.04213
3.97449
4.40469
4.38761
3.83936
4.40687
4.05306
3.67063
4.20922
3.9622
3.87012
3.71044
4.46031
4.24627
4.6253
4.14031
4.17404
3.82193
4.30681
4.27276
4.74585
3.76715
4.2885
4.0899
4.27836
4.15514
3.73167
4.18227
4.47478
4.19095
4.47224
4.14707
4.13708
4.39681
4.39543
3.84528
4.73837
3.6531
4.33726
3.72972
4.13181
4.28149
4.16258
4.17847
4.25241
4.07262
4.21147
4.06604
4.14777
4.08436
4.56087
4.0946
4.18849
4.02852
4.41635
3.878
3.8221
4.30306
3.999
4.02583
3.97408
4.15124
4.08309
3.76692
4.17838
4.59189
4.35024
4.40673
4.15318
4.00011
4.15187
4.1669
4.20529
4.21384
4.1034
4.13761
4.17716
3.88963
3.94405
3.69915
4.01714
3.83308
3.93063
4.16914
4.00222
3.95672
4.14929
4.34742
4.00163
3.84167
4.08001
4.35775
4.11132
3.87366
3.80031
3.89524
4.22497
4.26861
3.52798
4.27252
3.40288
4.31211
4.20861
4.01876
4.20515
4.10707
4.20785
4.17105
4.19021
3.97217
3.92876
4.09036
3.88197
4.19585
3.69834
4.05581
4.30709
4.0315
4.00728
4.28354
3.93901
3.89782
3.86852
4.57656
4.21272
3.8529
4.21207
3.86503
3.96481
4.03437
3.81776
4.07024
3.96407
4.16612
4.14524
3.83031
4.43932
3.91311
3.62408
3.47216
4.32397
4.00762
4.22352
4.21691
4.15552
3.89028
3.9306
3.7144
3.84219
3.72436
4.3776
3.94607
4.16364
4.18225
3.93322
4.27239
4.14339
4.39123
3.94555
3.79543
3.86842
3.81652
4.17978
3.6983
4.23837
4.11944
3.75567
4.11032
3.67435
4.17012
4.11962
3.97168
4.17034
4.28831
3.99983
3.92774
3.87784
4.17066
4.32613
3.99563
3.74245
4.03743
4.23419
3.91728
3.91558
4.6116
4.05509
4.23491
4.29876
4.10348
4.46819
3.6775
3.65348
3.8284
3.73147
3.71604
4.18426
4.24019
4.01639
4.49687
4.13468
4.06037
3.9868
3.99525
4.3773
4.06583
3.83446
3.81739
3.91733
3.92039
4.14058
4.35385
3.96495
4.31906
4.05427
4.27853
3.88947
4.40579
4.04929
4.05266
3.86245
4.03771
4.12952
4.4278
3.86725
4.29822
4.22774
3.78961
4.1692
4.24612
3.70763
3.97332
4.11148
3.75816
4.45885
4.2266
4.11469
4.08924
4.154
4.19511
4.17226
3.82274
4.22294
4.19244
3.90503
4.01618
3.97951
3.94701
4.0803
4.47705
3.95238
4.32762
4.30931
4.4574
4.18262
3.744
4.26153
4.4277
4.10846
4.06545
4.03372
4.22399
4.56355
4.23463
4.06948
4.17839
3.6104
4.0893
4.20516
4.51797
4.34755
4.40644
3.87559
4.05017
4.32714
4.05404
4.23885
4.10736
4.57487
4.00994
4.61261
3.9534
4.1038
3.99841
4.18555
3.90701
4.33686
4.44856
4.39906
4.09634
4.42911
4.30121
3.76455
3.88174
4.06034
4.3456
4.47925
4.176
4.1353
4.26869
4.14549
4.2345
3.89372
4.18221
4.33629
4.11211
3.92647
4.25007
4.19172
3.9397
4.16529
4.11819
4.01023
4.20746
4.39582
3.77765
4.01457
4.20209
3.5379
4.27932
4.0628
3.61079
3.86146
4.76025
3.98466
4.16893
4.15127
3.95014
4.21672
3.75598
4.02427
3.7967
3.35659
4.06122
4.01176
3.98547
3.90772
3.39807
3.75088
4.32043
4.07035
4.1628
4.29867
4.30495
4.52378
4.00148
3.94408
4.12015
4.61606
3.94293
4.09382
3.69756
3.95168
3.96341
3.84003
4.18441
3.91067
3.68809
4.02247
4.18463
4.04483
4.10536
3.70885
4.21509
3.88907
4.14132
4.21673
3.90792
3.91844
4.34862
3.97057
3.87437
3.99782
3.83026
4.02654
4.33301
3.97844
3.66769
4.29422
3.84454
3.888
3.66436
3.72738
4.08201
4.08561
3.87874
3.8318
3.74854
4.22003
3.98335
3.79114
3.76023
3.79957
4.26043
4.09719
3.9757
4.07996
3.98141
3.66511
3.85864
4.00507
3.84781
3.97338
3.70676
3.94919
4.08295
3.76817
4.08604
4.09416
4.03198
4.37433
3.78821
3.83791
4.05324
3.85547
4.4657
3.8912
4.29505
4.03448
4.0246
3.91782
3.8607
3.77576
3.90413
4.14673
4.27406
3.957
4.11494
4.17278
3.94175
3.80908
4.30361
3.92968
4.25656
3.88193
3.62001
4.09317
3.86921
3.96616
4.4408
4.53523
3.96302
3.97354
3.84331
3.9563
4.24881
4.16847
4.76265
4.03094
3.97447
3.97915
4.0909
3.90668
4.46205
4.31099
3.9704
3.98596
3.81837
4.1761
3.92734
3.94305
4.21387
3.60738
4.29405
4.28735
3.94231
4.12204
4.15865
4.19929
4.05347
4.33621
4.16351
4.00221
3.93442
4.45991
3.88384
3.90192
4.60684
4.23904
4.15024
3.94456
4.30059
4.56152
4.14623
4.13654
4.81677
4.0798
4.07209
4.32308
4.022
3.78361
4.06312
3.69254
4.38799
4.18226
4.20079
4.35198
4.06554
4.25482
4.53352
4.07449
3.7144
4.2507
4.15404
3.79411
4.39492
4.13381
4.41493
4.36379
4.07919
4.11521
4.11884
4.21547
4.23574
4.05112
3.9648
4.03083
3.9144
4.31069
4.17383
3.64289
4.36689
4.18509
3.64855
3.98795
4.08745
4.37469
4.16071
4.36819
4.1355
3.86975
3.85628
3.56721
3.7392
4.05408
4.09816
4.0939
4.25568
4.14525
4.05419
3.82536
3.95238
3.99291
4.04621
4.4014
4.03977
4.10306
4.10618
4.12727
3.7729
3.81922
4.04305
3.93716
4.13697
4.18888
4.26062
3.79508
4.32082
3.59163
3.71974
3.65471
3.85463
4.28789
4.24737
3.72667
4.1208
3.83783
4.14015
4.22702
4.05059
4.02428
4.32548
4.29115
3.77325
4.02891
3.87431
3.86423
3.85442
4.06672
4.16553
4.1604
3.568
4.43234
4.19
4.20085
3.91684
3.97533
3.89015
3.94141
4.13688
3.96696
4.13714
4.11475
3.90553
3.70959
4.10807
4.02852
3.78242
3.85527
3.91716
4.00438
4.00234
3.66519
4.08124
4.06335
3.80725
3.76537
4.04647
3.87329
4.21344
3.81951
3.92552
3.78508
4.00816
4.28119
4.11264
4.00754
4.34911
3.99571
4.30755
3.86101
3.83924
3.93532
3.858
4.02437
4.02712
3.70972
3.75261
3.69291
4.04909
4.18078
3.89464
4.1961
4.24725
4.23274
4.00198
4.1172
4.05774
3.93235
4.05013
4.20823
4.06171
4.12968
4.06912
4.05182
4.35529
3.7589
3.98194
4.08057
4.48572
4.22005
3.87848
4.23981
4.28249
3.93884
4.04336
4.31089
4.10946
4.07726
4.15099
3.9271
4.14074
3.51869
3.98399
3.72102
3.89779
3.88388
4.13965
3.99991
3.86335
4.32778
4.16008
3.88825
4.46679
4.3415
4.14101
3.75243
4.26961
4.12153
3.9644
3.82891
3.96144
3.85385
4.30463
3.92837
3.79919
3.98904
3.7949
3.86607
4.28262
3.97583
4.22432
3.72876
4.11562
3.8153
4.16234
3.8854
3.90037
4.05722
4.0247
4.04186
3.99449
3.93142
3.91681
3.97701
3.81458
4.23017
3.93987
3.86975
4.32483
4.36356
3.968
4.02241
4.2577
4.14946
4.03226
3.99405
4.30801
4.30058
4.38178
4.39578
3.93627
4.06138
3.90114
4.28498
3.99693
4.04088
3.96148
3.9705
4.14643
3.8181
3.63887
3.85022
4.341
3.80356
3.95634
4.09647
3.6887
4.01416
3.91619
4.16269
4.17728
3.97621
3.7348
4.40152
4.39513
4.49865
4.09959
3.98346
4.1499
4.33661
4.09272
4.11489
4.09819
4.04271
4.39267
4.31027
4.22267
4.27447
4.05096
3.85473
4.13619
4.0647
4.49574
4.11791
3.7532
4.00434
4.03365
4.1707
3.90281
3.94095
4.22379
3.77974
4.15279
4.08696
4.21368
4.2557
4.06595
3.71331
3.5791
4.20987
4.18083
4.3547
4.00967
3.86698
4.01791
4.40175
4.37387
3.95767
4.34292
4.06756
4.09019
4.29076
4.15007
4.08708
3.96571
3.95009
3.60969
4.05923
3.83479
3.98458
4.22698
3.8843
4.35746
3.63812
3.83955
3.8636
3.67077
3.96173
3.78765
3.85783
3.81114
4.28319
4.10839
3.69048
4.35681
4.43534
3.64196
3.64068
3.80953
4.14342
4.24725
3.82413
4.13832
4.02825
3.77391
3.94295
3.88123
4.32027
4.27909
3.83572
3.8851
3.94679
4.1444
3.93816
3.82615
3.81656
3.68682
4.01321
4.33175
4.29074
4.00203
3.89825
3.52121
4.39436
3.92187
3.9818
3.69106
3.81242
3.87918
3.8317
3.96674
4.06762
3.74639
3.9053
3.76914
3.54588
3.66064
3.88231
3.82592
3.5277
3.76434
3.95451
3.66527
3.94452
3.75718
4.03559
3.98829
3.99043
3.97412
4.03431
3.7707
3.81971
3.81512
3.90081
4.36324
3.49764
3.92735
4.37147
4.19502
3.92378
4.251
3.85442
3.44035
3.76265
4.21108
3.84542
3.95766
4.1576
4.45837
3.90863
4.02373
4.12934
4.05766
3.93172
4.07874
3.72818
3.76131
4.04355
3.87198
3.53881
3.69907
3.82572
4.04333
4.34345
3.7501
3.75716
3.72929
4.0082
3.8873
4.19875
4.1199
4.24205
4.1318
4.08033
4.20016
3.95686
3.81823
3.79707
4.01831
4.12185
4.24526
3.76742
3.8762
3.93463
3.9346
3.70831
3.95246
3.95762
3.93316
3.74353
3.77249
4.25393
3.87263
3.93941
4.10634
3.97298
4.36956
3.94974
3.48521
3.75889
3.80192
4.12807
4.10869
4.0107
4.23761
4.22488
3.78387
4.08064
4.24348
3.63391
4.04511
4.08078
3.90032
3.9262
3.95977
3.97606
4.09972
4.37554
4.04593
3.90455
4.39566
4.52942
3.74017
3.6838
4.28091
3.95182
3.86388
4.69544
4.07368
4.66872
3.72233
4.7593
3.62337
3.69092
3.92472
3.80008
3.80877
3.85517
3.85326
3.986
4.08052
4.06719
3.96592
3.75811
4.14738
4.1164
4.30362
4.32299
4.02382
4.07016
4.20738
4.03207
4.37395
4.21686
3.75966
4.3157
4.06896
3.98481
4.22378
4.02271
4.04487
4.40066
3.98216
4.06613
3.95897
4.19165
3.72318
3.8775
3.91282
3.89074
4.17997
3.87973
3.74204
4.19792
4.1435
3.99272
4.1902
4.15925
3.82498
3.87921
3.81205
3.64319
3.72361
4.10542
4.14479
4.0023
4.52564
4.02096
4.15375
3.75825
3.99008
4.26772
4.16974
3.59633
4.02994
4.11076
4.15085
4.11834
3.99215
4.20364
3.95663
4.22131
4.24532
4.3991
4.34373
3.99005
4.27562
3.85469
4.31011
4.42911
3.93756
4.22504
4.43456
3.73055
3.73288
4.02968
4.03028
4.36706
4.45186
3.87656
4.19547
4.31796
4.3327
4.22
4.52282
3.89667
4.474
4.65692
4.43115
3.7914
3.92747
4.24875
4.32368
3.89474
4.07623
3.8125
4.47762
4.28342
4.37297
4.32932
4.39173
4.56542
4.25108
4.15755
4.12211
4.21458
4.19634
4.23912
4.51624
4.24905
4.32163
3.95689
4.21166
4.29765
4.44268
4.10963
4.19412
3.50459
4.22967
4.00262
4.06416
4.29979
3.992
4.08305
3.88765
4.15096
4.41796
3.74751
3.77826
4.66866
4.22472
4.09673
3.8712
4.65971
3.99139
3.95408
4.38965
4.24357
3.88009
4.40616
4.26508
3.69585
3.67914
3.96138
4.16628
4.06058
4.14117
3.90576
4.41429
4.14528
4.39698
4.1106
4.09086
4.36767
4.07471
4.27908
3.93551
4.29744
4.06828
4.42674
3.88316
4.37693
4.38757
4.33443
4.44817
4.15205
4.16691
3.93076
4.32078
4.67981
3.88955
4.22257
4.14737
4.52104
4.11863
3.83537
4.35317
4.23051
4.35519
4.19647
4.27372
4.03763
4.1453
4.27315
4.14173
3.9054
3.95146
4.34835
4.29604
4.3534
3.68832
4.23859
4.03456
4.13059
4.2783
3.93618
3.75745
3.89089
4.46591
4.02209
4.43184
4.6553
4.55366
4.30834
4.28303
3.81115
4.06321
3.98215
3.94102
4.16278
4.13311
4.22104
3.93223
4.23579
4.18942
4.33326
4.14282
4.76896
4.39837
4.35559
3.8013
4.40323
4.26293
4.58309
4.52175
4.12371
3.78971
3.85528
4.17725
4.15532
3.93215
4.09332
4.1827
4.03796
4.31429
3.47361
3.48426
3.76914
3.70402
3.73527
3.42855
4.00698
3.79055
3.84834
4.15024
4.30534
3.50022
3.94039
4.1639
4.04089
3.97566
4.05673
3.78936
3.8986
3.95012
3.98246
3.74991
4.43528
4.48049
3.71891
4.04043
3.50399
3.83574
4.22542
4.19785
3.43425
3.80633
4.10242
4.10219
4.16832
4.09817
4.12895
3.8137
4.16962
4.18814
3.68675
3.88418
3.6168
4.10835
3.86427
4.25177
4.29221
4.16262
4.07654
4.09291
3.65011
4.10072
4.16523
4.07374
4.16664
4.40953
3.85454
3.94776
3.89662
4.24916
3.97049
4.28952
4.28921
3.89223
4.04183
3.74677
3.9215
4.35111
4.19561
3.95958
4.22599
4.0916
4.12393
4.23942
4.36988
3.5487
4.46972
3.70793
4.30291
3.84158
3.69416
4.06858
4.13035
3.9145
3.75531
4.10092
4.17656
3.68748
3.9967
4.41798
3.51749
4.12202
3.8131
4.08805
4.30817
4.14427
4.0895
4.2287
3.94883
3.5963
3.96592
3.9929
4.26612
4.22767
4.10199
4.01668
3.80776
4.21353
3.74261
3.73381
3.92057
3.80197
4.25222
4.00242
3.92144
3.96336
3.60248
4.1357
3.94797
3.98591
4.21462
3.99776
3.83592
3.94252
3.73308
4.23444
3.79342
3.97568
3.60298
3.72669
3.75027
4.0647
4.38515
3.84999
3.54315
4.00539
3.99103
3.93792
4.32059
4.15931
3.53104
4.27501
4.39295
3.67071
3.96781
3.7719
3.96396
3.82751
4.33582
3.98226
4.0764
4.29963
4.1612
4.18627
3.81715
4.12814
3.73568
3.88052
4.15052
4.24894
3.93147
3.9577
3.86968
4.1276
4.19033
3.85755
3.98623
3.94583
3.83664
3.66199
3.71587
4.05652
4.06624
3.94392
4.34725
4.24249
4.18251
3.79684
4.03536
4.00325
4.03833
4.194
4.15902
3.59598
3.74385
4.15677
3.91782
3.66254
3.42325
3.68288
4.04591
4.03135
3.91247
3.82087
3.66904
3.94505
4.03567
3.96296
3.85484
4.23435
4.1339
4.29522
3.65079
3.9223
4.45048
3.71182
4.17108
3.79725
3.82767
4.13958
3.74456
4.25295
3.95865
3.97736
3.72086
4.27299
3.87348
3.99846
3.90226
4.22304
3.87545
4.0468
3.73473
4.1674
4.12082
3.89569
4.12777
3.8403
3.83348
4.46704
4.05633
4.20908
3.95496
4.04888
4.24382
4.11253
4.09175
3.86559
3.93868
3.96363
3.81507
4.06817
4.04629
4.12179
4.00272
4.13629
3.8471
4.09632
4.39153
3.63501
4.00504
3.91521
3.70474
3.78576
4.36654
3.91802
4.28458
4.63341
4.02285
4.01856
4.01976
4.21283
4.33195
4.10613
3.92908
3.73433
4.28992
3.74065
4.13393
4.41336
4.08281
3.92496
4.0388
4.18097
3.83412
4.25654
4.51936
3.98688
4.10738
3.62087
4.1219
4.22903
4.16407
3.58778
3.75443
3.83773
3.86676
4.21774
4.00841
4.22241
4.50407
3.70073
3.94273
3.99306
4.06077
3.82542
4.0013
4.21046
4.28917
3.96708
4.40168
3.91918
4.14647
4.06542
3.77465
4.26596
3.8898
4.23154
4.07
4.08299
4.03179
3.59598
3.97769
3.79051
3.49402
3.99445
3.74358
4.3026
3.98589
4.47143
4.1769
4.19944
4.00771
3.90671
4.11319
3.87365
3.86018
4.06411
3.4755
4.10885
4.39794
4.10592
4.02221
4.72933
4.15388
4.19666
4.12503
4.28436
3.89494
3.8702
3.69841
4.15845
4.05371
4.03644
3.92238
3.64666
4.11159
4.03113
3.95815
4.20837
3.72185
4.0364
3.95429
3.92903
4.31333
4.2333
3.88236
3.82426
4.05419
3.96975
3.93629
3.87558
4.07059
4.31098
3.87283
4.06813
3.98609
3.78189
4.14728
4.20327
4.27576
4.04389
3.72344
4.36365
4.05382
3.99731
3.99777
3.98159
4.06472
4.30216
3.91808
4.23014
4.01078
4.41328
4.21724
3.75911
4.24008
4.19566
4.19233
3.89059
4.37515
4.20621
4.13358
3.91667
4.73561
4.13473
4.24272
4.12381
4.54853
4.43786
4.66348
4.13288
4.47446
4.28397
4.1744
3.99728
3.95433
4.39299
4.18928
4.32435
4.47091
4.08211
3.71298
4.37331
4.37457
3.97305
3.73885
3.89239
4.05809
4.48972
4.35838
4.85066
4.48938
4.32395
4.33577
3.98843
3.66768
4.15093
4.56594
3.76507
4.38696
4.27168
4.6537
4.26176
4.26538
4.43309
3.54045
4.47221
4.23371
4.41568
4.25031
4.10356
4.20349
3.98544
4.24626
4.11559
4.26969
4.24513
3.90922
4.18868
4.11332
3.98885
4.50001
4.59558
4.44735
4.15223
4.39713
3.8002
4.00312
4.25334
4.03528
4.2863
3.99918
4.13982
4.01174
4.42349
4.13192
4.26957
4.21828
4.17347
3.81975
4.01545
4.20578
4.25052
4.2778
3.83443
3.85763
4.1984
3.97246
3.76251
4.00187
4.12617
4.42162
4.34823
4.52965
4.34295
4.00711
3.92636
3.84097
3.43703
4.08719
3.91764
4.31115
3.61126
4.4459
3.78041
3.58971
3.88236
3.82263
3.94726
3.57004
3.87986
3.91051
3.99716
4.00791
4.01071
3.68024
4.07077
3.83097
3.75764
4.00966
3.88454
4.33
3.8402
3.74932
4.15463
3.77015
3.88382
4.35047
4.0484
3.91596
4.17375
3.8372
3.95444
4.07624
3.93675
4.16089
3.96294
4.15687
3.76691
4.5342
4.10381
3.82565
4.15605
3.9875
4.08031
4.56495
4.30392
4.29821
4.30847
3.6944
4.19993
4.00456
3.96618
4.25757
4.20256
3.85035
3.97375
3.86482
4.4478
4.26921
4.13441
3.96974
4.2674
4.32716
4.01819
4.29423
4.55211
4.16804
3.93351
4.00834
4.08062
3.85909
4.18157
3.97725
3.88385
4.44392
3.91105
4.17192
4.24768
4.36626
4.42652
3.75195
3.88648
4.06581
3.97167
4.23696
4.23277
4.345
4.28361
3.96545
3.96594
4.17915
4.22365
4.38129
4.0708
4.04901
4.26823
4.25983
4.10953
4.36206
4.27549
4.25023
4.38172
4.05978
3.97016
3.8355
4.14141
4.28233
4.3719
4.17673
4.41797
4.14075
4.42872
3.8811
3.69505
4.33123
3.89228
3.89892
4.18459
4.17178
4.10511
4.17566
3.99762
4.35263
3.97824
3.81541
3.99963
4.54294
3.96326
4.28445
3.97162
4.16314
4.15519
4.21576
4.19279
4.23313
4.39304
3.96249
4.36755
4.10344
3.95611
4.32699
4.11474
3.84803
4.05055
3.99306
4.28333
4.40963
4.03928
3.57165
3.89637
4.17616
4.11395
3.94736
4.05406
3.90566
3.87921
3.92634
4.10675
4.29931
4.00735
4.11441
3.68673
3.56124
4.1347
3.98911
4.16129
3.80067
3.58762
3.94877
3.83045
4.27777
4.29838
3.97421
3.94078
4.46052
4.13173
4.4545
3.58079
4.4956
4.24031
4.09332
4.2287
3.59284
4.16671
4.43274
4.15497
4.31542
4.29449
4.02979
4.25472
4.44215
4.14575
4.78488
4.53207
4.27258
4.04129
4.34358
4.28781
4.31117
3.89053
4.35107
4.08342
4.05223
4.08693
4.15025
3.94604
4.31436
4.38351
4.73139
4.41592
4.43589
4.55911
3.65842
4.01786
4.1355
4.01877
4.05187
4.16283
4.49689
4.44942
4.25923
4.48135
4.16613
3.98943
3.96064
3.79769
4.20965
4.30756
4.19415
4.50341
4.46817
3.98259
4.46657
3.9623
3.97226
3.88491
3.93232
4.25616
4.16249
4.11411
4.18395
4.2928
4.21603
4.4329
3.88213
3.94076
4.11806
4.27332
3.96532
4.18516
4.15428
4.01483
4.38396
3.72431
3.61283
3.73821
4.03038
3.84104
4.15153
3.90784
3.80942
3.92249
4.25125
3.83235
3.58169
4.08794
3.924
3.90161
3.79063
4.13889
4.09041
4.23935
3.8365
3.71194
3.65669
4.08442
4.28319
3.75245
3.95781
3.97704
3.91764
4.01178
3.89901
3.84062
3.54288
4.0301
3.92811
4.24042
3.63544
4.28501
3.89473
4.1369
4.38378
3.71314
3.70465
4.24922
3.55001
3.89471
3.87299
4.14501
4.52888
3.43779
3.87816
3.65662
3.74637
4.61704
3.54325
4.29684
4.16865
3.86532
3.90422
4.12803
4.26113
3.76767
3.88902
3.86421
3.5471
3.61505
3.86562
3.80176
3.88945
3.99483
3.94553
4.13443
3.78144
3.82371
3.76028
3.54264
3.8845
4.12101
3.84852
4.43465
4.02022
3.79903
3.97364
3.70944
4.43494
3.80561
4.01448
3.99114
3.83087
3.67199
4.00001
3.69253
3.94942
4.44452
3.94613
4.09825
3.78092
4.13543
4.1925
4.1166
3.8789
3.71926
4.24157
4.40757
4.31485
3.50475
3.83759
3.72994
4.20062
4.05183
3.46315
3.95322
3.76579
3.7595
4.0908
3.9596
4.17843
4.18831
3.96351
3.774
3.49587
3.97392
4.1981
4.09881
3.71467
3.63551
3.72278
3.63142
4.04829
4.1375
4.18481
3.98932
4.44654
4.00323
3.88289
3.65979
4.03636
3.98075
4.26404
4.19839
3.82691
3.79955
4.14093
3.89316
3.87034
4.26805
3.93982
4.51605
4.06071
4.03341
3.89837
4.18604
4.00883
4.2909
3.69176
4.41596
3.98063
3.74023
4.09531
4.08445
3.89498
4.18324
3.79604
4.36212
3.91895
4.23475
4.21802
4.22032
3.63696
4.28239
4.11291
4.20661
4.00517
4.09678
4.44168
3.82822
4.14979
4.27828
3.40022
3.98966
4.28574
3.87342
4.20724
4.31614
4.51554
4.32505
4.1703
3.84412
3.71088
3.88545
4.39555
3.98609
4.01278
3.9842
3.9599
4.0533
3.89164
3.49662
4.08309
4.43028
4.14535
3.98127
3.7408
3.84271
4.1066
4.36271
3.96787
3.8876
3.91666
3.60814
3.91727
4.29097
4.07556
3.83991
4.11148
4.27175
4.12506
4.02935
4.12875
4.11001
3.86099
4.06676
4.41907
4.29327
4.11574
3.58993
4.26788
4.23124
4.11509
3.99103
3.95831
3.93061
4.16821
3.79791
3.95217
3.39609
3.85464
4.08601
3.82989
3.79753
4.13162
3.97402
3.96061
3.72981
4.08592
3.81582
3.7957
4.02572
3.81986
4.0469
4.01736
4.34106
4.37783
4.15759
3.91475
4.23667
4.19225
4.12176
4.139
3.90049
3.76814
3.77527
3.95259
3.98818
4.18825
3.95125
4.18459
4.03278
3.93626
4.43949
3.87762
4.05641
3.96805
4.21552
4.1824
4.29111
3.77217
4.14747
4.02345
4.16553
4.34845
4.22922
4.07515
4.0744
3.94378
4.30628
4.05291
4.11939
4.35374
4.02569
4.31281
4.35778
3.84858
3.93879
4.62296
3.82219
3.51651
3.79446
3.89004
4.068
4.16316
3.72722
3.838
3.85595
4.28859
4.12359
4.08431
4.30384
3.70655
4.09722
3.84427
3.73999
4.2131
3.65493
3.79576
4.16069
4.2514
3.82134
4.13706
3.97595
3.9043
4.11992
3.84147
4.51892
3.97161
4.24126
4.08236
3.71569
4.03211
3.99007
4.28379
4.0771
4.00557
4.1512
3.94604
4.29002
3.87049
4.09199
4.27339
4.19633
3.99192
4.24434
4.07768
4.0315
4.27213
4.26396
4.03804
3.80772
3.92421
4.10859
4.61075
3.85835
3.69888
4.15822
3.8677
3.77834
4.15947
3.9639
4.48688
4.38228
3.93838
4.22548
3.84607
3.9389
4.267
4.06732
3.58485
3.90007
4.08015
4.30976
4.15364
3.84133
3.95053
3.34906
4.03466
3.78619
4.15242
3.68295
3.78625
3.84979
3.9122
4.09851
4.13166
4.15703
3.89559
4.07809
3.79123
4.06739
4.14174
4.22307
4.05513
4.34834
4.00033
3.74232
3.88571
4.27885
4.28773
3.74141
4.16697
4.07014
3.81346
3.67201
3.87575
4.17674
4.02132
4.01722
3.77918
3.80408
4.01962
4.27512
4.01652
4.39045
4.05152
4.31865
4.10737
4.38088
4.15319
3.57384
3.73927
3.76211
4.41913
3.92272
4.22485
4.10273
4.25793
4.51694
4.11806
4.07871
4.2348
4.17735
3.87904
4.18022
3.59186
3.98155
4.01033
3.99812
4.14807
4.38774
3.93623
4.48339
4.14951
3.97741
4.23461
4.08583
4.20196
4.30947
4.01341
4.47018
3.87039
4.19842
3.81025
4.03824
3.92835
4.0237
4.44798
4.33475
4.19982
3.62194
4.11531
4.06215
4.04724
3.85371
4.18455
4.45305
3.81985
3.90799
4.45479
3.71943
4.2412
3.72297
3.96242
4.0158
3.71365
4.09444
4.12298
4.25088
4.05948
4.34502
4.10775
3.66237
3.9403
4.41957
3.77323
4.22652
3.97525
4.30815
4.53596
4.1856
4.39803
4.22746
4.44609
4.08902
4.2094
4.07501
4.07981
4.17874
4.07983
4.31909
4.4379
4.10225
4.1588
4.07668
4.2865
4.24798
4.13665
4.03443
4.10123
4.05829
4.20343
4.1707
4.26759
3.60567
3.74677
4.28531
4.17777
4.13643
4.08545
4.52507
4.15442
3.60766
3.83707
3.90277
4.60045
3.6395
4.23422
4.31198
4.02741
3.90829
3.69223
4.32602
4.40844
4.4924
3.94927
4.19155
4.16489
4.0508
3.44018
4.1401
4.25585
3.85727
4.07782
3.77815
4.1766
4.07886
3.93485
4.01532
4.1942
4.10859
4.43833
4.39217
4.27534
4.00498
4.1901
4.02738
3.83213
3.98374
3.7911
3.82156
3.95682
4.34475
3.83388
4.18404
4.06976
4.11122
4.22867
3.33259
4.08187
4.23626
4.24526
4.04549
3.78807
4.58126
4.26845
3.61528
4.06299
3.73147
3.94366
4.05969
4.18024
4.10706
3.84967
3.94546
3.77677
3.94759
4.14724
3.85637
4.00904
3.73736
4.32224
3.80877
4.45204
3.52022
4.00227
4.23644
4.32766
4.09793
4.04522
3.95266
4.31292
3.98497
4.11614
3.95215
4.09262
4.33457
4.20164
4.16203
4.28329
4.30388
4.6367
4.53892
4.3946
4.68156
4.21703
4.22998
4.14275
4.20856
4.09461
4.32465
3.71463
3.9771
4.22512
4.2333
4.00747
4.20847
4.06243
4.28551
4.43513
4.42543
4.26149
3.94669
4.20915
4.00548
4.04212
4.03113
3.8994
3.88022
4.10428
4.21833
4.12606
4.22971
4.27973
4.14414
3.85528
4.03041
4.19628
4.7224
4.12187
4.17319
4.28841
4.06385
3.95715
4.22306
4.3504
4.13336
4.51411
4.16319
4.11048
3.68354
3.84792
4.07935
4.46752
4.05592
3.81692
4.20803
3.90254
3.92911
4.06327
4.16741
3.99998
4.33607
4.47178
4.34063
4.17939
3.69225
3.73856
4.47126
4.01071
4.15774
4.17652
3.95409
4.33312
4.09102
4.26224
4.15115
4.00171
4.24312
3.94368
3.91601
4.3625
4.41723
3.86995
3.85276
3.98534
4.40893
4.31794
3.99222
4.1678
3.52995
4.52908
3.83274
4.34596
4.24645
4.07304
3.87168
3.77772
4.02456
3.94543
4.03756
4.19603
3.78836
3.66365
4.19949
4.30932
4.15298
4.48662
4.27226
4.49878
3.84785
3.99666
4.07293
3.84347
3.78478
3.82455
4.05827
3.75531
3.65202
4.07985
4.10703
4.14513
4.03728
4.12457
3.98583
3.97876
3.89086
3.90459
3.85345
4.23313
3.91862
3.99848
4.10563
3.90187
3.71402
3.59995
4.02132
3.68089
3.60694
3.535
4.1828
3.72453
3.96046
3.6983
4.1175
3.85039
3.63742
3.75538
3.3976
3.59316
3.95558
3.9296
4.13781
4.27687
3.72323
3.88407
3.93676
4.21877
4.14195
4.01456
3.81514
3.84704
3.59638
4.22331
3.44883
3.90985
4.21893
4.35614
3.90239
3.81762
4.03775
4.53065
3.89232
4.12338
3.94473
4.00714
4.0644
3.83235
3.70269
4.30073
3.77482
4.09699
4.10834
4.0771
4.36336
3.78284
3.51758
3.92755
3.96808
3.96926
3.97289
3.97553
4.2085
3.64288
4.05971
4.1461
3.68927
3.66706
4.07026
4.18035
3.96236
4.21916
4.15228
4.57493
4.17668
3.83196
3.58922
3.61267
3.70184
3.57941
3.89935
3.72149
4.19456
3.64028
4.11457
4.02577
3.94073
4.19281
4.24727
3.66007
3.8543
4.05583
4.14035
4.00188
3.8343
4.11855
3.6779
3.97349
4.05056
4.17146
4.41364
4.4141
4.03848
3.81691
4.16055
4.05075
4.29991
3.77872
4.27929
4.11959
4.12303
4.18041
3.98844
4.01554
4.02866
4.04176
4.10763
4.01561
4.04211
3.8152
3.75065
4.21989
4.07178
3.9844
4.06897
4.30245
4.02216
4.13726
3.70143
4.14751
3.89346
3.82822
4.19244
3.91255
4.00686
4.44067
3.95566
3.8674
3.88677
3.73164
3.99865
4.26583
3.85966
4.18223
4.25495
4.2957
3.75658
4.01703
3.85448
4.23018
4.24648
4.4034
4.40893
3.5838
4.1118
4.19078
4.10655
4.32519
4.19206
3.93343
4.02405
4.02131
4.27622
4.30078
4.4508
3.95042
4.07965
4.49524
3.91085
3.67683
4.2395
4.05685
4.26137
4.2469
4.07508
4.42905
4.02111
4.02607
4.30471
3.79258
4.13289
4.26483
3.71755
4.48372
4.12661
4.21754
4.22502
3.79602
3.82179
4.27695
4.26221
4.38905
3.70651
4.1554
4.52652
4.01546
4.46869
3.85851
4.43767
4.13776
4.52161
4.04718
4.11388
3.86507
4.50267
4.28905
4.29528
4.18381
4.38008
3.98598
3.88349
4.20561
4.35495
4.34445
4.06623
4.05417
4.59637
4.5767
3.97835
4.19002
3.96615
4.54004
4.22307
4.18354
3.88765
4.04356
4.29803
4.29919
4.63297
3.65548
3.83198
3.77629
4.00953
4.31696
3.94999
3.9461
4.23363
3.59663
4.28395
3.86699
4.63202
4.28478
3.90444
3.90597
3.97282
4.3187
4.25383
4.19408
4.14021
4.63933
3.68308
4.2817
4.15288
4.63283
4.21652
4.23476
4.45214
4.0418
4.2125
4.03802
4.39837
4.01041
4.71844
4.21198
4.16133
4.12299
3.78005
3.8041
3.70323
3.93488
3.96174
4.25475
4.04426
4.3066
3.8993
4.37519
3.86328
3.8933
3.79954
4.02519
4.17828
4.02481
4.25164
3.86508
3.82749
3.62773
4.29914
3.6863
3.99641
3.71433
3.93089
3.95048
4.18686
4.16594
4.10911
3.76045
3.75624
3.71719
3.81444
4.01542
4.07782
3.98688
4.24804
3.93294
4.02177
4.00666
3.65044
4.19527
4.11537
4.00857
3.72829
3.46594
4.03129
4.17185
4.14092
3.90226
3.88802
3.74703
4.00675
4.39346
3.49598
4.34648
3.93014
4.27357
4.46012
4.21849
4.38195
4.22138
4.47549
4.07148
4.04444
3.86898
4.06451
4.30219
4.2813
4.31582
4.27753
3.70577
4.3644
4.03969
3.96583
3.78024
3.87389
4.40114
3.76382
4.12022
4.27829
3.96123
4.26463
3.76892
4.28036
3.71343
3.93881
3.94634
4.24485
4.04081
4.49895
3.95698
3.79158
4.10952
4.40767
4.16798
4.12861
4.27507
4.57945
4.20839
3.92998
4.46828
4.38271
4.20338
4.34908
3.95082
4.07372
4.52118
3.92711
4.21933
4.51495
4.39826
4.32123
4.02381
3.89514
4.00204
3.94249
3.78045
3.98367
4.13968
4.02784
3.98541
4.089
4.32668
4.10165
4.00715
4.38949
3.92905
4.3247
4.06013
4.23163
4.21068
4.30229
3.8842
4.22799
4.18849
3.7568
4.23936
3.84555
3.6379
4.39496
4.13829
4.31787
4.3134
3.82071
4.09529
4.17296
4.10273
4.06963
3.70996
4.31304
3.90981
4.11076
4.39739
3.93154
4.34979
3.87944
3.97846
3.87674
4.14588
4.17127
4.20088
4.27921
4.27607
3.78362
4.09661
3.86958
4.1839
3.79095
3.6482
4.39473
3.90195
4.19776
3.72686
3.8712
3.9111
4.23956
3.98626
3.9467
3.66172
3.97918
3.78423
3.91176
3.96408
4.10748
4.14879
4.07342
3.79172
3.77054
3.45123
4.09602
3.79965
4.14326
3.73293
3.84629
3.70395
3.74985
3.94489
4.02403
3.6774
4.22771
3.94467
3.92512
3.64823
4.09733
3.70056
3.77288
3.87986
3.78345
4.05857
4.30642
3.86688
4.24095
4.30256
4.05513
3.90417
4.36851
3.95374
3.77451
4.10888
4.31967
4.03766
4.17219
4.16156
3.80915
3.89384
3.92824
4.0812
3.79345
3.6015
4.04838
3.92329
3.979
3.80857
4.53797
4.49379
4.18941
3.89753
3.97109
3.90548
4.37075
4.0185
3.95516
3.71561
4.10269
4.21036
3.98187
4.10805
4.09837
4.0852
4.52759
3.70506
4.21333
3.96065
4.09847
4.05926
4.2561
4.28121
4.20574
4.08051
4.5203
4.16162
3.98311
3.97597
3.90221
4.12016
3.88234
3.80961
3.79538
4.05206
4.25706
4.44353
3.97985
4.11903
3.91586
3.92377
4.05067
3.75818
4.31739
4.31169
3.7125
4.20136
4.07347
4.15667
4.50115
3.48548
3.78853
4.05673
3.72306
3.93247
4.03973
4.07383
3.88321
3.70901
3.81668
3.93302
4.29755
4.20901
4.00097
4.34982
3.69366
3.75842
4.2104
4.31791
4.09964
4.26999
4.19122
3.97403
4.32831
4.45182
4.48595
4.19267
3.93436
4.08748
4.14849
3.98701
3.90713
4.00857
4.1512
4.11859
4.10671
4.22494
4.07582
4.33719
3.90444
3.69587
4.1743
4.01889
4.42114
4.34967
4.07445
4.29008
4.33314
4.2204
4.00764
3.8021
3.65228
4.22348
3.74384
4.50006
3.81086
4.26716
3.94008
4.03391
3.94726
4.21693
4.12392
4.00735
3.97914
4.09025
4.19745
4.31919
3.79695
3.78014
4.14638
4.25663
4.45917
4.79939
4.50186
3.97196
3.85099
4.02811
4.2174
4.47008
4.1375
4.26822
4.03015
4.37528
4.28413
4.13948
4.19649
3.94776
4.18178
3.74518
4.4712
4.22659
4.401
4.09515
4.35773
4.17669
4.37068
4.09305
4.17622
3.98939
4.28328
4.25698
4.40993
4.31969
4.50691
4.01379
4.39288
4.41944
4.16377
4.21639
4.26972
4.44945
4.77518
4.44645
4.50233
4.42526
4.4243
4.57968
4.21133
4.22613
3.90685
4.51962
4.39334
4.16382
3.7987
3.96847
4.07885
4.33969
4.31834
4.155
4.12015
4.27101
4.2985
4.24338
3.84491
3.98518
4.31171
3.79091
4.2516
4.23242
4.5367
4.41752
4.28759
4.22121
3.83341
4.11531
4.23295
3.85059
4.2838
4.14576
3.89509
4.34967
4.40886
4.09096
4.45241
4.2651
4.44223
4.31408
4.30316
3.86039
4.19768
4.43756
4.38175
4.45492
3.89985
4.0399
4.12046
4.04027
4.49025
4.45435
4.10575
4.57436
4.34697
4.42675
3.95468
4.26158
3.80658
4.3469
4.33262
4.00817
4.21036
4.00883
4.07542
4.62315
4.04854
3.87305
4.35171
3.7017
4.35481
4.43806
3.97415
4.55419
4.13922
4.23865
4.29509
4.03432
4.18215
4.13877
4.33405
4.31971
4.42033
4.43276
4.23112
4.23078
4.16336
4.6515
4.49894
4.16312
4.33095
4.4177
3.78799
4.33435
4.43465
3.71056
3.7957
3.82111
4.27161
4.01496
3.8018
4.20825
3.89745
4.0017
4.30353
4.17696
4.04665
4.14082
4.2372
4.02918
4.26646
4.21278
4.26334
4.22332
3.96009
3.92956
4.04115
4.43959
4.06441
4.10386
4.24821
4.17883
4.16172
3.68918
4.1509
3.91159
4.16046
4.42062
3.73454
4.14036
3.82602
4.17734
4.09127
4.37238
3.88292
3.99502
4.11417
3.91875
3.87656
3.8068
3.84926
4.00775
4.09526
4.03013
4.11375
4.10032
4.01023
4.11504
3.67454
3.79647
4.158
4.43429
3.66287
3.89177
3.80308
4.323
4.3785
3.61493
3.98619
3.93346
4.16053
4.22366
4.3344
4.1076
4.39767
3.78694
3.90755
3.69372
3.97334
3.78046
4.03367
3.81208
4.14665
3.93321
4.22483
4.11241
4.21132
4.10214
4.02586
4.23618
3.84609
3.91374
3.97762
3.90869
4.16194
3.80951
3.92434
4.10174
4.42386
3.504
4.0518
4.07377
4.23381
3.9486
4.4046
4.09767
3.91474
3.76321
4.0542
3.86313
4.51642
3.64902
4.25762
4.45336
3.95095
4.1169
3.99857
4.01708
3.93195
4.05166
3.9701
3.82587
3.74672
4.17718
4.04862
4.23552
4.16926
3.99743
4.34864
4.45302
4.4327
3.93747
4.24057
4.08572
3.61887
4.19882
4.22013
4.15736
4.13232
3.97618
4.06622
3.77045
3.98101
4.17842
3.70297
4.32155
3.90029
4.42885
4.49635
3.79112
3.7537
3.77147
3.87579
3.75133
4.12958
4.21632
3.96874
4.20705
3.86368
4.54454
4.50326
3.85476
3.97446
3.55477
4.27458
4.08991
4.09325
3.80555
3.99121
3.8732
3.99424
3.36849
3.5908
3.88611
3.93028
3.81216
4.03777
4.04007
3.59039
3.4229
4.42069
3.71695
3.76214
3.92327
3.83084
3.94787
4.04493
4.0159
3.98568
4.22976
3.79761
3.80177
3.92625
4.09601
3.85863
3.97886
3.98111
3.99822
3.63995
3.81547
3.86893
4.26975
3.95553
4.19499
3.76092
3.75611
3.88081
3.96461
3.81495
4.12116
3.86984
3.73467
4.30483
3.9576
4.16236
3.74472
4.16502
3.81318
4.35501
4.04278
3.78057
3.77922
4.14477
4.31418
4.13155
4.03788
3.69083
4.44314
4.03257
3.97527
4.04875
3.71182
3.96217
3.90402
4.03284
3.72987
3.99989
3.56754
4.08704
3.80109
4.0276
3.64377
4.08098
3.94605
4.18814
3.97329
3.98781
3.89503
3.95357
4.34897
4.05761
4.14777
4.02178
4.01959
4.0743
4.29812
4.23221
4.18147
3.96524
3.75499
4.00908
4.00227
3.96177
4.04591
4.01765
4.22225
3.65831
4.05854
3.89366
3.95616
4.17437
3.92342
4.05423
4.09635
3.97965
3.96387
3.94561
3.94521
3.7237
3.76092
3.89825
3.95876
3.967
4.01122
4.27231
3.99007
4.12618
3.88476
3.66134
4.17804
4.10569
4.09261
4.16513
4.1253
3.97697
3.79522
4.00052
4.05347
4.40964
4.36491
4.24331
4.12154
4.59496
3.96596
4.04463
4.07302
3.93487
4.35166
4.20909
4.19736
4.12715
4.49004
3.9327
4.08648
4.14928
3.92687
4.06098
3.74046
4.42157
3.98652
4.38684
4.14658
3.97382
4.30185
4.20908
4.20589
4.50184
4.14137
3.89783
3.47172
4.2207
3.79153
3.90464
4.41761
4.34966
4.29756
4.0159
3.5316
4.09412
4.11804
4.21323
4.16828
3.88612
3.79812
4.17503
4.15442
3.84282
4.30257
3.86366
4.33778
4.44924
4.3827
3.88462
3.9454
4.29438
4.13745
4.15142
4.04576
4.65501
4.13338
3.9664
4.17808
3.95215
3.62594
4.1568
3.75323
3.75154
3.92515
3.83728
3.91949
4.37017
4.05724
4.45285
4.20851
3.60021
3.88464
3.90377
4.04725
4.29216
3.88895
4.25862
3.95694
3.56111
3.83067
3.95481
4.32414
4.19578
4.23338
4.22121
4.27692
3.77765
3.82088
4.08827
3.707
4.13052
4.18203
4.1522
3.8322
4.14984
3.94601
3.69285
3.53272
4.16063
4.09931
4.16352
3.95998
4.13488
3.94073
3.85188
3.81453
3.83884
4.2532
3.94603
4.30688
4.06592
3.96825
3.97308
3.82185
4.19112
3.98816
4.15726
3.91776
4.54335
4.06181
4.29763
4.0159
4.68178
4.17646
4.12825
4.36016
4.0324
4.04199
3.76827
3.70734
3.66159
3.68387
3.96394
4.27285
3.81675
3.91024
3.68242
3.45317
3.82022
3.76417
3.94892
4.44913
4.08235
3.79266
3.95033
3.77855
3.88465
3.85398
4.20652
4.09065
3.92347
4.1819
3.63594
3.69654
3.95713
4.11548
4.24256
3.73725
3.99769
3.88456
4.51001
3.87217
3.97313
4.35817
3.99128
4.39804
3.66989
4.18076
4.23258
3.99801
4.03619
4.12146
4.10766
3.96495
4.10706
4.26491
4.1003
4.09573
3.95122
4.06239
4.69699
4.19772
4.22327
4.30012
4.47641
3.8011
3.96452
3.97708
4.2811
4.14014
4.08569
4.3174
4.03953
3.92552
3.98631
4.16408
4.13877
4.29654
4.22077
4.09239
3.8487
3.70564
3.9288
3.87371
4.21604
4.41816
4.00303
3.89736
3.87665
3.97695
3.92392
4.29334
4.12092
3.77241
3.98719
4.31792
4.28663
4.11872
4.14456
4.06284
4.26398
4.40893
4.27545
3.73843
4.3041
4.15357
4.04749
3.7618
4.08217
4.34225
3.71993
3.59209
3.58998
3.50244
3.9147
4.05337
4.01291
3.89855
3.89249
3.6502
4.05782
3.73731
4.14159
3.91413
4.00017
3.88614
4.04797
4.03286
4.18697
4.41753
3.9987
4.21303
3.79325
4.01251
4.13986
3.835
3.92597
3.93825
4.16469
3.94467
4.11092
3.68157
3.89327
3.77834
3.77428
4.22112
3.96308
3.86504
3.66103
3.82685
3.89867
4.08521
4.03272
4.02105
3.75171
4.12667
3.72349
3.87638
4.18828
4.05603
4.0924
3.58466
4.07891
4.34096
4.3546
4.36815
3.93079
4.09442
4.06574
4.02224
4.32136
4.28404
3.81371
4.05355
4.04671
3.77215
4.27278
4.16729
4.25919
3.86653
4.14608
4.32674
4.05216
4.06484
3.50179
4.00295
4.16246
3.9927
4.42302
4.16428
4.31358
4.17924
4.28869
4.16258
3.61598
3.7378
4.03487
4.00528
4.35698
3.8501
3.86874
4.05442
3.53993
3.97424
4.35193
4.60407
4.122
4.2412
4.05454
4.12421
3.88898
3.65323
3.97068
4.22668
3.90541
4.16806
3.87956
4.49763
4.23625
4.71573
4.44011
3.87118
3.64667
3.86667
4.03955
4.2468
3.88561
4.33631
4.30587
3.72121
3.65833
4.19252
3.79105
4.10103
4.39543
3.74732
4.11663
4.05956
4.21258
4.33301
4.51636
3.98467
3.98924
4.33379
3.99905
3.76967
4.14031
3.95642
3.84802
4.25542
3.93285
4.17253
3.85335
4.12119
3.89992
3.78584
4.209
4.37372
4.19637
3.8883
4.07363
4.18777
4.1375
4.42978
4.01573
4.05782
4.07066
3.81802
4.05788
3.75166
4.12796
4.28883
3.75159
4.20744
3.93628
4.00876
4.24743
4.10516
3.77254
3.88904
4.41497
3.9688
3.9334
3.99772
4.00898
3.98741
4.32121
4.40997
4.4361
3.79852
4.04824
4.05404
4.06147
3.85507
4.21217
4.11997
4.39108
4.45851
4.12601
4.18011
3.859
4.27698
4.16366
4.51212
4.43682
4.15686
4.0413
4.11129
4.30127
4.10264
4.31794
4.14068
3.75945
4.51807
3.98206
4.06694
3.86375
3.96936
4.3119
4.0302
4.2
4.25247
3.07769
3.88952
4.0159
4.54908
4.11188
4.04822
3.61643
3.84278
3.6911
3.87119
4.14824
4.2282
4.13933
4.15146
3.65832
3.87517
3.88588
3.8406
3.90661
3.77924
4.07102
4.00171
3.96465
3.97468
4.32994
3.5819
3.65604
4.13422
3.73172
4.33434
3.96926
4.02989
3.77043
3.9674
4.13424
3.79544
4.15456
3.96455
3.7444
3.96624
4.21455
4.13274
3.50917
3.96139
4.10681
3.9842
3.99827
4.32361
3.92662
3.92423
3.77276
3.94733
3.88599
3.88123
4.02869
3.40553
4.0414
3.87752
3.83517
3.70248
4.07048
3.82059
3.96793
3.74469
4.01641
3.70916
3.93993
3.93309
3.8585
3.72295
3.97407
4.02594
3.91467
4.15099
3.78802
4.24776
4.21726
3.94352
3.98874
3.66768
4.01704
4.4791
4.53299
3.87525
4.13629
4.45269
4.37431
3.97868
4.21151
4.21992
4.14651
4.47277
3.53655
4.2123
4.16315
3.76813
3.77456
4.02805
4.24157
3.89575
4.30611
4.42665
3.90244
3.99937
3.96533
4.17339
3.91032
3.52594
3.55602
3.86273
3.96524
4.23509
4.0201
3.91212
4.4236
3.76477
4.20027
4.5451
4.22061
4.36614
4.10518
4.36851
4.27475
3.96287
4.59085
4.03564
3.94975
3.68168
4.18942
4.15539
4.21081
4.068
4.28753
4.0916
4.04977
3.93313
4.03833
3.9635
3.88906
4.16074
4.08942
4.08339
4.01021
4.3835
4.00603
4.26172
4.14644
4.13481
3.78991
3.26419
4.02829
4.15086
4.08119
4.27991
3.91851
4.0559
3.822
3.89047
4.14633
4.0618
4.03127
3.8174
3.74029
3.9919
4.07821
3.93303
3.61021
3.87218
4.34398
4.12718
4.00314
4.19097
3.99988
3.86837
4.02362
4.51979
3.82578
4.15527
3.82216
4.16724
4.15265
4.364
4.26519
4.24281
4.20531
4.1857
4.31797
4.60439
4.41211
4.40583
4.04466
4.19635
4.31751
4.106
4.05335
4.20003
4.00187
4.02373
3.84467
3.88189
4.15438
4.02785
3.97427
4.36901
3.87911
4.15317
3.78643
3.82754
4.38075
3.77981
4.41031
3.90182
4.38837
4.02129
4.1013
4.09068
4.21184
3.99889
4.30216
4.02779
4.43804
3.95897
4.28036
4.19344
3.69229
4.01536
3.80265
4.11846
4.12579
3.94884
4.04431
4.25487
4.26574
4.14241
4.1283
3.62648
4.31268
4.32462
4.498
4.25443
3.98254
4.02073
4.22853
3.55681
3.97123
4.09397
