12.7306
12.5916
12.832
12.8233
12.61
12.9561
12.663
13.1902
12.8306
12.851
13.0259
12.5442
12.4326
12.3424
12.777
12.8869
12.4239
12.9217
13.0676
12.6721
12.9605
12.7837
12.6623
13.1082
12.9581
12.3495
12.8309
12.6456
12.9719
12.4963
12.7818
12.5928
12.9202
12.6586
12.9731
12.7887
12.893
12.7278
12.8812
12.9135
12.5773
12.8862
12.6845
12.5607
12.7637
12.8584
12.99
12.5016
12.7079
12.8872
12.7874
12.6728
12.6529
12.8745
12.7143
13.0081
12.6486
12.5525
12.9026
12.7466
12.8269
12.2702
13.1534
12.9884
13.2801
12.8687
12.8077
12.8461
13.0589
12.9863
12.4779
12.8188
13.1908
12.7353
12.9912
12.6809
13.0378
12.7196
13.0731
13.0333
12.818
12.838
12.7455
13.1119
13.0702
12.6126
13.0316
12.8646
12.8703
12.7732
13.105
12.8316
12.8245
12.4777
12.9576
12.8322
12.8852
13.056
12.589
13.0086
13.0893
12.9616
12.8269
13.3311
12.7785
12.8321
12.8387
12.9873
13.0689
13.0634
12.99
12.4935
12.9678
12.9132
12.9813
12.8929
12.549
12.7976
12.595
13.214
13.1039
12.6473
12.8311
13.1614
12.9032
13.2722
12.7316
13.2488
12.9889
13.0651
12.8429
12.7877
12.6021
12.4749
12.6679
13.0244
12.7849
13.0803
12.8579
12.8931
12.9472
12.5769
12.6755
12.9468
13.1529
12.6751
13.0845
12.6733
13.4397
12.9092
12.7581
12.8705
12.8867
13.186
12.3443
12.4327
12.408
12.6974
12.8671
12.5787
12.8929
13.008
13.0761
13.1648
12.9402
13.1618
12.9145
12.5976
12.6319
12.4517
12.994
12.8534
13.0546
13.1213
12.6586
12.9376
12.7973
13.1221
13.0429
13.2392
13.0707
12.9664
12.8912
12.8536
12.8755
13.0926
12.8484
12.6709
13.2758
13.1661
12.7577
12.9891
12.7983
12.8704
13.2033
13.1315
12.9322
13.0309
12.9829
12.9065
12.9458
13.0802
12.8045
12.9073
12.8504
12.802
13.1903
12.8571
12.6241
12.8346
13.0133
12.6944
12.8284
12.9054
12.9868
12.8935
12.6001
12.916
12.8357
12.5061
12.7474
12.9216
13.1251
13.0984
13.1864
12.7751
12.7217
13.1952
12.7875
13.036
12.9782
12.7088
12.759
13.4191
13.2706
12.84
13.2445
12.4825
12.9812
12.7199
13.1785
12.5897
12.463
12.706
13.0197
13.0434
12.3645
12.3921
13.0324
12.6254
12.7772
12.6862
12.7671
12.935
13.1095
12.5889
12.8405
12.7878
13.0254
12.8432
13.0289
13.2015
13.0369
12.6108
13.0225
12.6156
12.5759
13.0417
12.5233
12.6803
12.8904
12.5788
12.5172
12.9552
13.0592
12.9108
12.8077
12.8955
12.7504
12.8089
12.4635
13.4751
12.8183
12.9084
12.539
12.8074
12.6581
12.7625
12.9254
13.0596
13.1217
13.2287
13.0707
12.6733
12.6022
12.7369
13.2993
12.7044
12.9846
13.2162
12.8334
12.9101
12.5454
12.8812
12.7448
12.8479
12.7957
12.9331
13.011
12.4279
12.5673
12.8291
12.8084
13.0415
12.7171
13.1504
13.0456
12.6568
12.9121
12.8433
13.0516
12.9667
12.4446
13.0538
12.6714
12.7723
12.8739
12.7391
13.0523
12.9374
12.9594
12.7063
12.9804
13.1989
12.9375
12.7748
13.0849
13.1845
12.6903
12.4659
12.946
13.2811
13.101
12.822
13.316
12.5221
12.9696
12.9081
13.1689
12.7518
13.0814
13.1077
12.4732
12.6292
13.7388
13.2913
13.1285
13.1772
12.9226
13.3185
12.9952
13.2698
12.5797
12.7049
13.425
13.3087
12.7137
12.7224
13.41
12.7642
12.9936
12.3604
12.7149
12.8813
12.8749
12.5543
12.5615
13.1396
13.2345
13.3601
13.108
12.9667
12.769
13.0934
12.3147
12.5358
12.8472
12.793
13.3504
13.1665
13.153
12.9169
12.6857
13.1071
13.491
12.8425
13.2858
12.6121
12.8484
13.2433
12.5681
12.9331
12.9696
12.7095
12.7148
12.9729
12.7265
13.0354
12.846
12.8461
13.29
13.133
12.7894
12.8324
12.8764
13.0381
12.5469
12.5799
13.0837
12.4609
12.9451
12.9613
13.0367
12.7977
12.4157
12.8433
12.9533
12.8752
12.5464
12.8959
12.5759
12.4341
12.6785
12.6234
12.9755
12.7228
12.9117
12.7347
12.3543
12.8204
12.8035
13.1408
13.0052
12.8938
12.944
13.1945
12.8395
12.9017
12.569
13.1296
12.9511
13.0243
13.1099
13.0428
13.2176
13.1729
13.019
13.0599
12.9601
12.9042
12.87
13.2394
13.3244
12.6599
12.7836
13.355
13.1647
13.3101
13.0876
13.1464
12.7395
12.9789
13.0635
13.3699
13.0893
13.0499
13.2531
12.9967
13.0437
13.2359
12.6157
13.163
12.8354
12.7994
13.1928
12.9884
12.761
13.142
13.1362
12.8053
12.728
12.5363
12.7282
12.6527
13.2072
12.8695
12.7765
12.805
12.7664
12.7939
12.1769
12.7362
12.9072
12.8579
13.0424
13.1373
12.7916
12.7789
13.2207
12.6617
12.6351
13.0792
12.9335
12.495
13.021
12.7623
13.0048
12.7302
12.9861
13.0399
12.6039
12.8237
12.9318
12.5518
13.0276
13.3364
12.866
12.8048
13.0159
12.8259
13.0453
13.0486
12.8717
12.8946
12.7699
12.8486
12.6564
13.0795
12.8649
12.9609
12.8543
12.6882
12.7749
12.8951
12.8593
13.083
12.9171
13.1939
12.9025
13.1665
12.9705
12.978
12.8523
12.8298
13.1168
13.0026
12.8539
13.0659
12.913
13.0605
13.1355
12.7873
13.2505
13.3891
12.9002
12.6502
13.2369
12.9326
13.3468
12.6881
12.9041
12.9959
13.1108
12.6981
13.01
13.0141
13.0043
12.9536
12.9815
13.1932
12.8073
13.1728
13.1386
13.2276
13.3259
13.1618
13.0932
12.8825
13.0115
13.2285
13.4084
12.7779
13.1941
12.8879
13.1608
13.6191
12.9118
13.1672
13.2765
12.7414
13.1979
12.8244
13.2264
13.0711
12.6792
13.0599
13.1582
13.2838
12.9227
13.0657
12.8467
13.1172
13.3227
13.1642
13.1927
12.8227
13.1529
13.1206
12.8781
12.8864
13.3429
13.0412
13.0922
13.4486
13.0562
12.6765
12.9105
12.91
12.8142
13.0705
12.9376
13.2748
13.3782
12.6937
13.1222
13.3
13.0122
13.5182
13.0425
13.2686
13.0479
13.0259
12.9961
12.7729
13.1333
13.097
13.0799
13.1995
12.8034
12.8938
12.6605
13.1387
13.2211
12.986
12.6868
13.0255
13.0181
12.802
12.7231
12.6769
12.9047
12.6872
12.893
13.1639
13.1938
13.2893
12.7856
13.1213
12.8676
13.2405
13.2317
12.8682
13.0947
12.728
12.8563
12.9516
13.0647
12.9219
12.8343
12.3377
12.7406
12.6766
12.4944
12.7516
12.863
12.3666
12.6673
13.0274
12.6057
13.1716
13.0781
12.9701
12.9226
12.3889
13.1473
12.978
12.8485
12.8971
12.8519
12.8191
13.1287
12.8803
12.9886
12.4621
12.7801
13.0001
13.1774
12.6645
13.1737
12.9758
12.708
13.19
12.9607
12.9435
12.8587
13.2534
12.9792
12.6171
12.6202
12.7377
13.0433
12.6296
13.1102
12.8612
12.5863
12.9075
12.8812
12.7862
12.8163
12.7998
12.9476
13.133
12.7722
12.9245
12.606
13.1481
12.5884
12.7916
12.7171
12.9017
12.8802
12.6295
12.7876
13.0049
12.477
12.4616
13.2705
12.9774
12.8438
12.7998
12.793
13.2606
13.1894
12.9609
12.7715
12.6345
13.1942
12.8287
12.8138
12.6465
12.3693
12.9826
13.2413
12.7417
13.3949
12.8904
12.991
12.9784
12.9794
12.8577
12.5503
12.6702
13.1221
12.9655
12.7317
12.8158
12.7768
12.7816
13.0177
12.4672
12.6613
12.9684
12.6331
13.2409
12.5791
13.2774
12.8232
12.6122
13.1589
12.6064
12.898
12.4278
13.0919
12.6352
12.8244
13.0794
12.9792
12.9398
12.5875
12.8393
13.2156
13.0108
12.8632
13.014
12.8475
13.0018
13.1078
13.1138
12.5922
12.9081
12.9071
12.8474
13.0013
12.731
12.7021
12.9028
13.3147
12.554
12.8369
13.3891
13.2688
12.9255
13.0074
12.9831
12.907
12.493
12.8824
12.8311
13.0693
12.782
12.848
12.4845
12.7101
12.9493
13.0986
12.8514
12.8279
12.8759
12.3055
12.6955
13.2186
12.8431
12.5733
13.0781
12.4047
13.1542
12.8616
13.2081
12.8687
12.9637
12.7823
13.0939
13.0775
13.0492
12.5323
13.6011
13.3687
12.7688
13.1148
13.0787
12.9531
13.1007
13.2415
13.0088
12.7064
12.7965
13.2526
12.9732
12.7349
12.7698
12.9291
12.9048
13.0959
13.2837
12.9338
13.4543
13.0025
13.0177
13.1945
13.4126
13.1535
12.6406
13.6107
13.3488
13.2321
13.3917
13.2967
13.2847
13.4086
12.8948
13.025
13.65
12.97
13.1579
13.1889
13.0318
13.2704
12.9528
12.8092
13.0111
12.9094
13.3286
12.6223
13.3063
12.9058
13.6094
13.4861
12.9105
13.1624
13.1702
12.8299
13.1974
13.4197
13.5523
13
13.0062
12.9306
12.8205
13.4588
12.7697
13.1554
12.9969
12.9408
13.398
13.3037
13.2022
13.431
13.185
13.101
13.0537
13.1521
12.9001
13.2867
13.2168
13.3712
12.9083
13.3247
12.8232
13.3382
13.2897
12.997
13.0925
12.9855
13.3011
12.9448
12.6538
12.9016
12.9324
12.9718
12.5573
12.8358
12.8122
12.5737
12.6635
12.629
12.802
12.7301
13.1813
12.4499
12.7232
13.0194
12.853
12.5904
12.7447
12.6809
12.6268
12.663
12.5637
12.4739
12.9934
13.1024
12.8081
12.5966
12.8994
12.4873
12.6249
13.3206
12.1526
13.1013
12.9878
12.8207
12.8043
12.5801
13.2358
12.9741
12.9484
13.0058
12.6734
12.7946
12.8333
12.7794
12.7238
12.879
12.7807
13.1593
13.0791
12.4868
13.0489
13.0685
13.029
12.879
12.9165
13.0256
13.211
12.8203
12.7819
13.0027
12.7415
13.0898
12.7023
13.0022
12.6705
12.9485
12.9499
13.115
12.59
12.7571
12.689
13.1161
12.5676
13.1101
12.6302
12.7827
13.1644
12.968
12.4718
12.8545
13.0283
12.9116
12.2039
12.7856
12.5641
12.8498
12.542
12.83
12.5191
12.6633
12.7165
12.593
12.6693
12.8748
12.8419
13.0249
12.4745
12.4226
13.3294
12.8053
12.9063
12.9786
12.8369
12.481
12.8385
12.7203
12.4256
12.8656
13.107
12.9054
12.9288
12.7307
13.0939
13.1418
12.9925
12.7505
12.8387
13.1337
12.6262
12.6951
12.9074
12.8279
12.764
12.7843
12.8336
13.0382
12.7274
13.0443
12.8224
12.603
12.9676
12.9367
12.4817
12.6821
13.135
13.2564
13.0225
12.7686
12.7883
13.1614
12.6466
12.8288
12.9822
13.3445
12.8858
12.7167
12.8629
12.9093
12.5589
13.0451
13.3634
12.8339
12.676
12.9403
13.0599
12.6624
12.5667
12.5135
12.627
13.4108
12.9172
12.7881
13.1448
13.2434
12.4503
12.5779
12.7996
12.8668
12.958
12.8162
12.4879
12.9203
12.8885
12.8692
13.0185
12.7233
12.6172
12.6569
12.643
13.2696
12.7874
12.2404
12.6091
12.7569
12.9703
12.5496
12.9274
12.7644
12.8385
12.9596
12.3528
13.0136
12.745
12.6841
12.3882
12.7918
12.8041
12.8942
12.5691
13.1559
12.9621
13.1381
13.0417
12.959
13.2233
12.8108
12.758
12.9901
13.0653
13.0876
12.5266
12.897
12.7962
13.092
12.6441
12.6154
13.0971
12.9697
12.6793
12.6259
12.6329
13.0216
12.9192
12.6989
12.5452
12.8036
13.1346
13.109
12.9385
13.1506
12.8819
12.8173
12.5825
12.8865
12.6816
12.9664
13.1771
13.0189
12.4817
12.7811
13.0822
12.9763
13.065
12.5409
12.8379
12.8929
13.0104
12.9154
12.8031
12.6711
13.126
12.9046
12.5783
12.909
12.9337
12.994
12.7469
12.9459
12.776
12.8691
12.8891
12.9188
12.6829
12.9515
12.5221
12.9464
12.9784
13.198
12.6894
12.6787
12.804
12.9627
12.4294
12.713
12.8477
12.7306
12.8658
12.8439
12.878
12.9058
12.5966
12.8921
13.0395
12.8485
12.6049
13.0442
12.5901
12.7219
12.8754
12.8274
13.0322
12.1323
12.8428
12.7872
13.0409
13.0123
12.2251
12.747
12.8037
12.9491
13.1379
12.5331
12.7738
13.1462
12.5395
12.9656
12.5017
12.7607
12.691
12.4543
12.1183
13.1433
12.6674
12.8311
13.0063
13.093
12.7212
12.7171
12.2432
12.6014
13.1747
12.8388
13.0416
13.2679
12.7383
13.008
13.0386
13.0831
12.7742
13.0552
13.1
12.8436
12.8072
12.7032
12.624
13.1994
12.5738
12.815
12.6605
13.0268
13.0573
12.6269
12.8656
12.8888
12.9682
12.845
13.0728
12.9076
12.4161
12.4929
12.4344
12.823
12.3304
12.7395
12.9747
12.7224
13.0024
12.7536
12.6661
12.8761
12.5794
12.9064
13.0546
12.7361
13.2671
12.4796
12.6902
12.6707
13.1548
12.746
13.1988
12.6564
13.2936
12.7045
12.7143
12.9093
12.9687
13.0252
12.4587
13.1935
13.0166
12.6665
12.8112
12.5444
13.2531
12.5747
12.6842
12.6299
13.0965
12.7269
12.758
12.7846
12.2296
12.8877
12.6964
12.4406
12.5547
13.0616
12.7091
13.0043
12.5787
12.7793
12.9384
12.5328
12.707
12.7217
13.1122
12.6286
12.9498
12.6356
12.9252
12.8173
13.3234
12.7221
12.8228
13.0897
13.15
13.01
12.7776
12.5522
13.1974
13.0829
12.8799
12.6994
12.4212
13.3745
12.9305
12.8451
12.7278
12.9932
12.946
13.1974
12.63
12.6556
12.4715
12.3579
12.5597
12.8225
12.4733
12.6122
12.7734
12.9605
12.9173
13.0275
13.0486
12.8655
12.4976
12.8948
12.6518
12.5198
12.9537
12.8035
12.8531
12.9752
12.797
12.6527
12.7902
12.4719
12.794
13.1681
12.4687
12.8865
12.9453
13.0367
12.6364
12.8534
13.1536
12.8515
12.6382
12.9126
12.4812
12.6688
13.104
12.6083
12.3693
12.6846
12.9417
12.6127
12.7657
12.7026
12.7776
13.0966
12.7873
12.7548
12.6501
12.6484
12.9694
12.4466
12.8675
12.7063
13.2078
12.3668
12.8879
12.6212
12.7574
12.8102
13.1109
12.5832
12.828
12.7549
12.7518
13.2138
12.7253
12.4398
12.2079
13.3533
12.7194
12.5839
12.8331
12.8425
12.7989
12.8362
12.9485
12.6048
12.4471
12.9826
12.4476
12.7826
12.7287
12.5662
12.8595
12.3258
12.6847
13.2279
13.1583
12.5356
13.0383
12.5659
12.9206
12.8728
12.7515
12.5063
12.6659
12.8361
12.397
12.5238
12.673
13.0415
12.8962
12.881
12.4733
12.4457
12.8732
12.6852
12.5896
12.6753
12.6082
12.9433
12.4455
12.9556
12.6063
12.7082
12.8613
12.18
12.67
12.5098
12.9258
12.4585
12.9214
12.7816
12.7972
12.7913
12.6706
12.6277
12.76
12.6588
12.8571
12.8961
12.7443
12.6734
12.661
12.5769
12.6868
12.7111
12.5467
12.7029
12.5782
12.7812
12.548
12.5502
12.3865
12.8254
12.321
13.193
12.557
12.5299
13.0664
12.5417
12.7543
12.3503
12.795
13.0761
12.9107
12.6993
12.8215
12.2639
12.5012
12.7769
13.0598
12.6822
12.8952
12.7041
12.7031
12.7682
12.3253
13.0926
12.6802
13.0001
12.7277
12.9878
13.1728
13.1244
12.8973
13.1847
12.9061
12.9019
12.8805
12.8865
12.9166
12.8761
12.9878
13.0687
12.5582
12.8637
12.9645
12.7995
12.8177
12.6891
12.9341
13.1543
12.7063
13.4119
12.7723
13.1424
13.0202
12.5431
12.6121
12.9841
13.0573
12.8823
12.4663
12.8697
12.7794
13.1483
12.4924
12.9124
12.7606
13.1112
13.242
12.7127
12.857
12.893
13.0231
12.7503
13.2722
12.7902
12.7448
12.9237
13.247
12.6455
12.8014
13.272
13.0232
13.0062
12.7764
13.0606
12.8425
12.8341
12.6641
13.3075
12.8778
13.3978
13.0729
12.5726
12.9592
12.8695
12.8108
12.8603
12.7105
13.0275
13.2795
12.7387
12.544
12.5924
12.7353
12.8435
12.8143
13.073
12.7038
12.8756
12.7091
12.8634
12.8311
13.1674
12.57
13.0287
12.7878
12.5777
12.9629
12.8425
13.1432
12.867
12.7062
12.8118
12.9479
13.2216
12.7829
13.2531
12.6897
12.7693
12.9451
12.7625
12.9435
12.891
13.2296
13.0517
12.3737
12.6246
12.9086
12.9267
12.8888
12.6683
12.6801
12.5679
12.9246
12.8897
12.9427
13.2583
12.5999
12.9763
12.8359
13.0353
12.9224
12.8628
12.4583
12.7675
12.6847
12.4867
12.6869
12.9486
12.7583
12.6657
12.5523
12.6985
12.8422
12.8777
12.8753
12.9723
12.6403
12.6792
13.0296
13.0568
12.6621
12.6816
12.5967
12.9091
13.0649
13.0228
12.5736
13.0553
12.6792
12.9752
12.6429
12.4923
13.1354
12.4633
12.9624
13.1837
12.5674
13.0238
12.9177
12.978
12.4487
12.6649
12.7939
12.6507
12.9365
12.8302
12.5509
12.6388
12.9867
12.7999
12.9712
12.7551
12.7137
12.8491
12.6186
12.3636
13.0221
13.0049
12.657
12.808
12.8693
12.7456
13.0374
12.6325
12.6985
12.4162
12.4174
12.8713
12.6594
12.9716
12.7235
12.3935
12.7849
12.7238
12.3912
12.616
12.9956
12.7516
12.9532
12.9384
12.2311
12.7414
12.5543
12.7054
13.0459
12.4834
12.7652
12.7647
12.7184
12.6723
12.8819
12.9092
12.4887
12.6346
12.7407
12.7476
12.2729
12.3446
12.4815
13.0076
12.9906
12.7533
12.5133
12.9045
12.6223
12.7091
12.3673
13.0115
12.5036
12.4067
13.1106
12.5884
12.7799
13.2029
12.856
12.5128
12.6556
12.9501
12.8452
12.8736
13.2536
12.7944
12.5574
12.8393
12.8229
12.7232
13.0477
12.7016
13.2177
13.2847
12.8426
12.9079
13.4538
12.5843
12.6329
12.5885
12.9645
12.7722
12.5645
12.5843
12.639
12.7565
12.5137
12.3826
12.7847
12.8425
12.6299
12.684
12.6699
12.433
12.6215
12.5349
12.5067
12.8362
12.9536
12.7869
12.926
12.9054
13.1496
12.5675
12.7219
12.5088
12.7935
12.7466
12.6578
12.7033
12.34
12.5816
12.8906
12.7628
13.1144
12.9573
12.5952
12.4893
12.8371
13.0707
12.7304
12.903
12.8206
12.5399
12.6178
12.7143
12.507
12.788
13.1796
12.6792
12.9367
12.3801
12.854
12.5657
12.7572
13.302
12.4966
12.8556
12.8499
12.7905
12.5451
12.8466
12.8102
12.5881
12.6385
13.066
12.8029
12.7909
12.8901
12.7884
12.8726
12.8798
12.7729
12.5355
12.7879
13.1897
12.6337
12.5651
13.0733
12.7573
12.8447
12.7929
12.4592
12.8555
12.9192
12.6624
12.632
12.7328
12.9479
12.5274
12.5422
12.8454
12.6892
12.7921
12.6847
13.0858
13.0995
13.2794
12.8899
12.5549
12.874
13.0203
12.5996
12.7392
12.8011
12.996
12.8792
12.6291
12.7024
12.5228
12.6668
12.7918
12.85
13.2592
12.2094
13.0254
12.4154
12.7226
12.634
12.565
13.2865
12.9547
12.451
12.8289
12.723
13.2727
12.9564
12.966
12.6423
12.8765
12.6715
12.8386
12.5821
12.9152
12.9702
13.0735
12.6576
13.1964
12.8904
13.2468
12.8367
12.9509
13.2972
13.1029
12.6662
12.6669
12.8901
12.734
12.6839
13.0699
12.8763
13.1532
12.4387
13.069
12.8154
12.9797
13.206
12.7348
12.9784
12.6609
12.6445
12.9845
12.5112
12.65
12.7641
12.5561
12.5599
13.075
13.1014
12.7079
12.8131
12.7387
12.9112
13.169
12.9772
13.062
12.5673
13.1534
12.943
12.5291
12.7881
12.6113
12.7313
12.9311
13.1515
12.7073
12.8121
12.609
12.8631
12.9577
12.7921
12.5087
12.4728
12.8372
12.7842
12.3465
12.8338
12.9385
13.2655
13.0337
12.8682
12.9083
12.7548
12.5508
13.1125
12.6473
13.0155
13.1179
12.4524
13.1886
13.2026
13.1564
13.328
13.6718
13.1743
13.2728
13.0556
12.8859
13.2903
12.6861
13.1603
12.5307
13.4061
12.7721
13.1177
13.0098
13.0435
13.5588
12.9343
12.9615
12.944
13.1767
13.2189
12.9411
13.29
12.7073
13.016
12.714
12.959
13.01
13.0923
12.803
12.5086
13.1478
13.0696
12.8229
13.205
13.0554
13.3494
13.3179
12.9429
12.8758
13.0546
13.6385
12.8852
13.0278
12.7866
12.8959
12.8183
12.9625
13.0482
13.3436
12.9051
13.1176
12.8573
12.9299
12.9067
13.408
12.7764
13.0873
12.9506
12.6741
13.1459
12.7539
13.3208
12.9256
13.1192
13.1172
13.0397
12.8377
13.3064
12.8788
13.0592
13.0714
13.1412
12.9453
12.9711
13.0868
12.6065
12.3682
12.9637
12.8002
12.7132
13.2069
12.7696
12.7378
12.8966
12.912
12.6984
12.8876
13.1301
12.738
12.984
12.7226
12.6424
12.8685
13.0318
12.8573
13.0486
12.7575
13.0843
13.056
13.1594
12.6445
12.8974
12.6908
12.8605
12.6855
13.0986
12.5076
12.996
12.8006
12.6589
13.1237
13.1447
13.111
12.8222
12.8317
12.9611
13.1071
12.6265
13.0687
13.1277
12.9781
13.0246
12.5541
13.3387
12.9925
12.7172
13.0262
13.1379
12.7321
13.0006
12.8904
13.0685
12.604
12.4325
12.6774
13.313
12.6255
12.9875
12.858
12.5587
12.9346
12.9603
12.665
12.8702
12.8422
12.9603
12.9041
13.1233
12.4511
12.7872
12.9962
13.4825
12.6566
12.7544
12.8228
12.8355
12.658
13.1839
12.4548
13.2217
12.7954
12.7231
12.5149
13.2371
12.3997
12.6116
12.9289
12.9777
13.0634
12.5388
13.2295
12.8584
12.6176
12.8825
12.6362
12.5814
12.4831
12.7525
12.7014
12.8398
12.1355
12.8057
12.943
12.8329
12.7796
12.7076
12.9749
13.1056
12.9792
12.8585
12.6599
12.5927
12.5271
12.5307
12.8812
12.455
13.1991
12.7572
12.3564
12.8847
12.4939
12.9952
13.3018
12.5551
12.5099
13.037
12.7279
12.4809
13.1381
12.7803
12.9575
12.5896
12.863
13.1117
12.953
13.1649
12.7084
13.2035
12.9793
13.0664
12.5241
13.0783
13.0729
12.9045
12.6343
13.0287
13.0286
13.4061
12.9394
12.9668
12.5841
13.4631
13.102
12.9132
12.5291
12.7462
13.128
12.783
13.0021
12.8834
13.2127
13.0213
12.9789
13.2474
12.8106
13.1021
12.8926
12.578
13.2812
12.8258
12.8036
13.2238
12.7118
13.0241
12.9788
12.935
12.8267
13.1044
13.3172
13.2293
13.0838
13.2641
12.8171
13.0444
12.3751
12.6604
12.7364
12.7884
13.0668
12.7869
12.9762
12.5839
13.2834
13.0425
12.7462
12.7148
12.7885
12.6027
13.2118
12.9216
12.4655
13.0799
12.9392
13.2221
12.972
12.5038
12.4686
13.0627
13.12
13.0225
13.1391
13.1117
13.3164
12.9941
13.0227
13.5422
12.8542
12.8033
12.7937
12.7717
12.5048
13.107
12.8248
12.9682
12.8212
12.9061
12.9899
12.8331
12.8239
12.7487
12.6271
12.9951
13.0122
13.2048
12.7572
13.2364
12.8639
13.2115
12.8076
12.5327
12.734
12.9671
12.4992
12.8307
12.6712
12.7167
13.1147
12.9858
12.8031
12.7383
13.3053
12.9954
13.3517
12.7397
13.0495
13.3504
12.8022
12.7337
12.7463
12.924
13.1164
12.8204
12.6993
12.6708
12.8994
12.9358
13.0619
12.6862
12.7004
12.7315
12.477
12.5203
12.7728
13.0211
12.8553
12.8088
12.4248
12.3831
13.1968
12.9685
13.1292
13.1581
12.8505
12.9086
12.982
12.5152
12.8322
12.9609
13.2394
12.2722
12.945
12.9415
13.1647
12.6392
13.3273
12.8532
13.2072
13.0898
12.8481
12.9811
12.6657
13.1212
12.8507
13.0735
12.6603
12.6627
13.2319
13.0848
13.0719
12.9494
12.5705
13.1395
12.8077
12.7046
12.8254
12.8363
13.2407
12.8818
12.7622
12.6215
12.5584
13.2253
13.0247
13.2124
12.8889
13.0643
13.2333
12.8663
12.7307
12.9747
12.9084
13.0974
12.8455
13.2053
13.1149
13.0168
13.0907
13.1405
13.3317
12.8944
12.7468
13.3583
12.4279
12.8585
13.2601
13.2583
12.7976
12.7602
12.5445
12.6672
12.9103
13.1044
12.9566
12.884
12.8845
13.3137
13.0812
12.9212
12.4901
12.6409
12.6719
12.7811
12.6641
12.7103
13.1487
12.8827
13.1245
13.1565
12.7843
13.0596
12.5188
13.126
13.1483
12.6832
12.7684
13.0446
13.1649
12.9344
13.2642
13.021
12.9548
12.8392
12.6591
12.4526
13.0988
13.1877
12.6441
12.3374
13.063
12.5156
13.2132
12.7794
12.6964
13.0964
12.9294
12.8527
12.7395
12.9502
12.8956
12.8906
13.2224
12.9245
13.1096
12.8218
12.6259
12.5228
12.8375
13.0459
12.7601
12.7735
12.8186
12.9817
12.4196
12.6568
13.1732
13.3109
12.7727
12.5861
12.9087
13.0948
12.993
12.8998
13.0825
13.0359
12.6695
12.9941
12.5635
13.0388
12.9345
12.9471
12.926
13.2155
12.8098
12.9648
12.6856
13.4135
12.879
12.5761
12.9742
12.7359
13.1116
12.8323
13.3479
13.026
12.8631
13.1731
13.1226
13.4102
12.7331
12.7748
13.2599
12.7947
13.3092
13.2656
12.9851
13.1047
13.3433
12.92
12.4887
12.9167
12.9933
13.5031
13.1865
13.2632
13.2154
12.9404
12.677
12.5745
12.8415
12.9942
12.5916
12.8574
13.2331
12.9908
13.1599
13.1789
13.0702
12.9108
12.6432
12.5218
13.2748
13.1006
12.9932
12.7962
12.7201
12.6823
12.6583
12.8897
13.1453
13.0398
13.4418
12.9471
13.042
13.0117
13.0882
13.1317
12.8419
13.0618
12.8284
12.4613
12.3724
12.9105
13.2625
12.9476
12.824
12.7192
13.0431
12.6816
12.7108
12.3887
13.1544
12.7415
12.3603
13.1534
12.5237
13.2255
12.6688
12.4595
12.5417
12.6176
12.5526
12.4087
12.9268
12.7612
12.9718
12.7701
12.6343
12.7903
13.2543
12.6694
12.7469
12.5881
12.8072
13.0084
13.0708
12.4291
12.7204
12.5284
13.0284
13.269
12.6574
12.788
12.8086
12.5047
13.1323
12.8269
12.5362
12.6614
12.8254
12.4995
12.6004
12.9407
13.0866
12.7722
12.7293
12.6648
12.7868
12.7857
12.9438
12.604
12.9378
12.6986
12.7089
12.6332
12.8739
12.7446
12.6514
13.0011
12.7362
12.2052
12.9602
12.5283
12.3254
13.0121
12.603
12.3283
13.0615
12.9321
12.8031
12.8094
12.7202
12.8773
12.7613
12.6887
12.3623
12.5536
12.5324
12.7543
12.8049
12.2653
12.6832
12.712
12.7624
12.8784
12.6108
12.9795
12.7436
13.0217
12.7824
12.5691
12.7694
12.64
12.9772
12.8694
12.5716
12.8318
12.53
12.6308
12.4001
12.4438
12.6749
12.584
12.7679
12.7796
13.0385
12.9186
12.6222
12.5491
12.6945
13.0595
12.8268
12.648
12.2882
12.4813
12.869
12.8777
12.8006
12.8735
12.5946
13.0485
12.9812
12.9322
13.0028
13.1324
13.1965
13.0306
13.1019
13.1881
12.7283
13.4428
13.0057
13.042
13.36
12.7799
13.4261
12.9103
13.3187
12.9971
13.5578
12.9441
12.552
12.8684
13.0803
12.7856
12.8796
12.8124
12.5915
12.8694
13.3319
12.8882
13.1189
13.2021
12.8079
12.8064
13.2821
12.7482
13.1618
12.769
13.14
12.7328
13.1939
13.1019
13.1884
12.8464
13.034
12.8196
12.9508
13.113
13.1649
12.8782
13.2668
12.9059
12.5657
12.8273
13.0263
13.2194
13.1526
12.8587
13.2474
13.0122
12.8653
13.2964
12.9354
13.1839
13.0944
13.0952
13.0333
12.8185
13.1183
12.8971
12.694
12.8739
13.0305
12.7845
13.1428
12.3652
12.75
12.859
12.6425
12.909
12.4519
12.7404
12.8515
12.7988
13.0325
12.6696
12.9846
12.9832
13.102
12.464
13.0636
12.5787
12.4715
12.7279
12.6559
12.706
13.0141
13.0722
12.5097
12.5614
12.6445
12.59
12.892
12.3267
12.7227
13.0018
12.941
12.664
12.6996
12.5382
12.6056
12.9589
12.9993
12.5886
12.5894
12.9126
13.1642
13.1363
12.5798
12.8859
13.0201
13.0352
12.4087
12.8124
12.5961
13.0175
12.5186
12.5922
12.9282
12.8009
12.8851
12.8351
12.8032
13.2982
12.9941
12.8201
12.7347
12.8449
13.4097
12.6791
12.4581
12.4533
13.0623
13.0706
12.5333
13.1117
12.7416
12.8321
13.0363
12.6509
13.2124
13.0347
12.9049
12.841
12.6695
12.7864
12.9471
12.9652
12.8619
12.8255
13.4167
13.3494
13.0731
13.0963
12.6001
13.0593
13.4006
12.8568
12.4964
13.1535
12.893
12.5916
12.8872
12.7283
12.8455
12.8396
13.2259
12.8249
12.9322
12.9943
13.3255
13.0102
12.8253
12.6116
12.7305
13.0683
12.7725
12.835
13.0301
12.9956
12.6804
13.096
12.8242
12.9534
12.427
12.9895
12.7698
12.7525
13.0666
12.858
12.8194
12.8162
12.8218
12.9006
12.7975
12.8957
13.213
12.6464
12.8888
12.5776
13.0122
12.6543
12.4345
12.5375
12.5247
12.9602
12.4882
12.7838
13.081
12.6779
12.9949
12.6267
12.9045
13.1848
12.611
12.4011
13.0914
13.2072
12.7424
12.8568
12.4242
12.5224
13.0343
12.6501
13.0978
12.6686
13.0547
12.5042
12.6574
12.8612
12.5164
12.8255
12.7847
12.7816
12.4049
12.3644
13.0227
13.0011
12.5631
12.7387
12.6656
12.7851
12.717
12.8164
12.8057
12.2185
12.9438
13.0321
12.7432
13.1712
12.741
13.1501
12.7733
12.8442
12.6817
13.0644
13.1292
13.2251
13.0647
12.3938
12.9504
12.8358
13.3254
13.0832
12.8179
12.909
13.0402
12.6067
12.4739
13.0703
13.2423
12.8681
13.3606
13.1515
13.0532
13.0308
12.8382
12.9033
13.5368
12.9126
12.7843
13.2117
12.917
12.8864
12.6465
13.1716
13.1733
12.6624
12.8079
12.5649
12.4422
12.9431
13.0229
12.6551
13.1023
12.8561
12.9117
13.0136
13.3812
13.0495
12.8391
12.6799
12.917
13.0134
13.1438
13.1977
13.1209
12.9935
13.0395
13.3267
11.9226
13.2048
12.7114
12.8514
13.0447
12.8272
13.1165
12.9873
13.202
12.7544
12.7877
12.7607
12.4422
12.8759
12.7993
12.2727
12.6459
12.693
13.0126
12.9449
12.4553
12.7719
13.0002
12.8281
12.8928
12.7553
13.3672
13.1243
12.6594
12.7406
12.9142
13.0064
12.4292
12.3974
12.5956
12.8436
12.9672
12.996
12.5138
12.7169
12.875
12.9605
12.6368
12.9559
12.9234
12.5542
13.0851
12.489
12.352
12.7296
12.846
12.8585
12.8629
13.0222
13.1284
12.8542
12.9096
12.7199
12.8458
12.6998
13.0043
12.9086
12.5145
12.7014
13.2818
13.2155
12.8916
13.1929
12.8483
13.2433
12.6401
13.0185
13.2429
12.9025
13.3787
12.8992
13.0151
12.9807
13.1734
12.5445
13.2028
12.4576
13.1315
12.9248
12.6138
12.7362
12.8351
13.1859
12.8082
13.0373
12.8477
12.9764
12.4509
12.7294
12.7891
12.837
13.1184
12.7079
13.4749
12.669
12.9141
12.8806
12.839
12.914
13.0408
12.7738
13.0922
12.6421
12.6298
13.1041
13.2803
13.0998
13.0031
12.9231
13.3829
13.1634
12.9699
13.2713
13.0158
13.2285
12.8784
12.6986
12.8018
12.9335
12.3406
12.6282
12.9048
13.2145
12.9751
12.4666
13.1658
12.9498
12.8173
13.0856
12.8273
12.7386
12.2985
12.8182
12.8707
12.75
13.0297
13.0145
13.0026
13.0921
12.6271
13.0561
12.9756
13.0542
12.8102
12.9098
12.9274
12.6553
12.8115
12.7944
12.4428
13.0767
12.8498
12.9119
12.7073
13.1393
12.761
12.4995
13.1504
13.1495
12.7708
13.133
12.9552
12.7985
12.7147
12.7359
12.941
12.8017
12.4629
13.2705
12.8501
13.0454
12.6671
12.8243
12.7936
13.1421
12.9068
12.6464
12.8633
12.6338
12.565
12.8917
12.8288
12.7262
13.0824
12.5
12.9207
12.6435
12.6225
12.7414
12.5993
13.1119
12.7756
12.733
12.7096
12.7079
12.8141
12.4302
12.8144
12.5296
13.0379
12.7486
13.0037
12.9025
13.1767
12.533
12.7699
12.5139
13.0768
12.9151
13.2087
12.6623
12.8069
12.8131
12.8273
12.9639
13.1468
12.6435
12.5398
12.9797
12.6808
12.4182
13.0097
12.8573
12.8024
13.1485
12.6295
12.7772
12.6112
12.6275
12.9278
12.8583
12.8616
12.8738
12.5626
12.6775
13.0186
12.9445
13.082
12.9618
12.8227
12.8787
12.6847
13.3263
13.3493
12.7759
13.2344
12.9154
13.0195
13.0459
13.0537
13.195
12.9674
12.907
12.7174
12.9261
13.4828
13.1678
13.4626
13.3296
13.2738
12.9512
12.9126
12.9428
12.8054
12.9561
12.864
13.3172
13.0423
12.7171
12.6291
13.1356
12.9479
13.3737
13.0956
13.2818
12.9023
12.8746
12.9754
13.1768
13.7191
13.1256
12.7268
13.0099
13.2863
12.918
13.2757
12.9015
13.1632
13.2917
13.1065
12.5777
12.9543
12.8184
12.2701
12.6765
12.5556
13.0738
12.5652
12.5181
12.9393
12.1849
12.5814
12.4131
12.5911
12.7267
12.7329
13.1321
12.6557
12.8333
12.24
12.9613
12.7665
12.843
12.7433
12.8994
12.872
12.3109
12.7239
12.6747
12.9944
12.8485
12.849
12.8067
12.41
12.8749
12.4471
12.8344
12.6496
12.7655
12.7176
12.7754
13.0191
12.4544
12.3314
12.7848
13.0218
12.7527
12.7071
12.6613
12.9293
12.7932
12.8506
12.6061
12.5802
12.7833
12.7922
12.4743
12.7683
12.7043
13.1598
12.7946
12.8299
12.6251
13.042
13.0054
12.6154
12.2127
12.7483
13.1501
12.5951
12.9051
12.3521
12.6731
12.9266
13.2363
12.9892
12.9866
12.81
12.8687
12.542
13.0732
12.4881
12.7544
12.7817
12.6613
13.0845
13.2827
13.1463
12.9234
12.7294
12.8117
12.7615
13.1763
12.7581
12.9844
13.033
13.1002
12.8055
12.4274
12.6801
12.8539
13.0263
12.8429
12.8053
12.8544
12.6799
12.9317
12.7817
12.8416
12.8818
13.0075
12.6296
13.5607
13.1506
12.6379
13.2413
12.4343
12.9903
12.6181
12.6548
12.9013
12.8877
12.6578
12.5504
12.7487
12.9394
13.1048
12.4869
12.5677
12.947
13.1525
12.9768
13.0101
13.3308
13.3932
12.8853
13.1524
12.6145
12.5696
12.6496
12.8664
13.1269
12.6751
13.19
12.6835
12.7975
12.7056
13.0735
12.8269
12.8766
12.7921
13.1918
12.5933
12.8969
12.6762
12.779
12.6932
12.9143
12.9856
12.7249
12.7145
12.9022
13.0279
13.1392
12.8035
12.8361
13.0494
12.7314
13.1457
12.8573
13.1846
12.7013
12.7682
12.781
13.1851
13.1416
12.7807
13.217
12.8189
12.5747
12.9125
12.9188
13.1158
13.0476
13.282
13.1768
13.1888
13.4277
12.9187
12.8934
13.2269
12.8313
13.1478
12.8809
13.2168
13.3924
12.7348
12.8394
12.9604
13.0934
13.0961
13.0101
13.3232
13.3002
13.1975
12.8576
13.1023
13.0713
12.9403
12.7435
12.8206
13.1952
12.9549
13.2514
12.975
12.8032
13.078
13.339
13.1852
12.5023
12.7993
12.8864
13.1146
12.8782
12.2251
12.73
12.6272
13.0193
12.7797
12.6922
12.9091
13.1685
12.4472
12.6414
13.2339
13.3466
13.2478
12.8392
13.149
13.0719
13.0281
12.9698
12.7301
12.6352
13.095
12.9978
12.7995
13.0052
12.9149
12.8113
12.899
13.0644
12.9694
12.8762
13.01
13.4542
13.1868
12.5545
13.1561
13.5478
12.8198
12.4343
12.9239
13.0838
12.8205
13.0707
12.6643
12.9858
12.7562
12.7845
13.0876
12.7799
12.4957
13.0704
12.7601
12.5105
12.6546
12.9886
12.6052
12.8123
12.8654
12.5505
12.6122
12.7843
12.0488
12.7219
13.0967
12.6728
12.8613
12.8269
12.7469
12.7158
12.7014
12.3351
12.7914
12.263
12.7863
13.2252
12.4168
12.5849
12.8149
12.5379
12.8573
13.0669
13.0244
12.8373
12.9587
12.705
12.424
12.9431
12.9158
12.819
12.9208
12.6434
12.4673
12.591
12.5543
12.7295
12.6758
12.6587
12.9292
12.5879
12.9893
13.3085
12.9233
12.6838
13.1042
12.87
13.1732
13.133
13.1598
12.8632
12.8671
12.9365
12.9888
13.191
13.1884
12.9599
12.6129
13.3898
12.9351
12.9361
13.0338
12.793
12.852
12.9969
13.2209
13.3443
12.9545
13.2076
13.015
13.2723
13.0517
12.9949
13.3551
13.1421
13.2181
12.929
12.5663
13.2902
13.3106
12.8601
13.0589
13.0652
12.8313
13.1401
12.7748
12.8923
13.0313
12.8907
13.0134
12.9938
13.0188
12.6236
12.5847
12.8008
12.8354
12.5259
13.0581
12.3995
12.8691
12.2015
12.7666
12.6209
13.2092
13.1247
13.1524
13.0137
12.6829
12.946
13.0788
12.623
12.5362
12.5204
12.6753
12.8746
12.9721
12.6377
12.8485
13.0651
13.1163
13.2994
13.0214
12.7073
13.0638
13.1305
12.9547
12.3124
12.6354
12.8445
12.7974
12.9722
12.651
12.8535
13.0016
13.275
13.0965
12.9281
13.1248
12.9374
12.643
13.5176
12.8986
12.9229
13.1304
13.4198
12.5505
13.1968
13.0332
12.8924
12.9376
12.8584
13.2057
12.685
13.2828
13.1857
13.422
13.3825
13.7303
12.9927
12.9698
13.2021
13.0547
12.9602
13.3681
12.9866
12.78
12.968
12.8429
13.3149
13.2389
13.0339
12.6874
13.0332
12.9376
12.4355
13.1443
13.442
13.0162
13.2435
13.056
12.9354
13.0016
13.172
13.0592
13.2353
13.0656
13.0823
12.9578
12.6963
12.7443
12.6362
12.8353
12.6237
12.9373
12.6951
13.1398
12.9254
12.3611
12.5441
13.0325
12.9984
12.8571
13.0699
12.6129
12.8517
12.7555
12.8084
12.9662
12.7412
12.9733
12.7132
12.5839
12.6853
13.1334
12.8331
12.8925
13.0039
12.8197
12.8085
12.8719
12.8934
12.54
12.9862
13.0069
12.7471
12.5541
12.9867
12.4561
13.0381
12.9822
12.7284
12.9126
12.8151
12.7308
12.798
12.71
12.4629
12.1668
12.5891
12.5681
12.774
12.2851
12.1135
12.7036
12.6704
13.2105
12.6405
12.5365
12.5216
12.7035
12.3324
12.4243
12.2983
12.9507
12.4975
12.7282
12.842
12.4941
12.7741
12.4003
12.5186
12.5173
12.6689
12.3974
12.746
12.5978
12.7131
12.1552
12.9394
12.6368
12.4992
12.2091
12.296
12.5317
12.6528
12.9958
12.7954
12.6482
12.5834
12.6911
12.6265
12.529
13.141
12.6249
12.8481
12.866
12.8156
12.7475
12.7095
12.74
13.0607
12.859
13.2218
12.904
12.8318
12.7029
12.8664
12.5309
13.0777
12.5827
12.895
13.0761
12.4725
12.8864
12.7171
12.6273
12.7474
12.7017
12.9075
13.057
12.7648
12.8467
12.2842
12.9366
13.2706
12.7774
13.034
12.6938
13.0277
13.202
12.902
12.6617
12.8257
12.4499
12.8606
12.3661
12.8631
12.9258
12.7448
13.0491
13.0384
12.6611
12.5706
12.8447
12.8551
13.3145
13.1494
13.0714
12.777
13.2383
12.6318
12.5316
13.1836
12.9013
12.711
12.4553
12.4811
12.6991
12.4965
12.6312
13.1204
12.8064
12.8097
12.7169
12.8462
12.935
12.6791
13.0911
13.0111
12.9856
12.3933
12.8633
13.1415
12.6134
13.0371
12.6366
12.5894
12.6768
13.0943
12.5514
12.5785
12.8242
13.0491
12.8162
12.9904
12.7363
12.9204
12.7825
12.8351
12.7731
12.9568
12.9612
13.1275
12.6668
12.8259
12.5524
12.9024
13.1228
12.9649
13.1289
12.6457
12.9812
12.7569
12.7303
12.7678
12.7454
13.256
13.0383
13.1039
12.7236
13.411
12.9574
12.6239
12.9065
12.5371
12.8701
12.7988
13.1271
12.8656
12.8444
12.8927
13.0202
12.7199
12.8323
12.94
12.7206
12.8769
12.522
12.7321
12.831
13.0076
12.7575
13.1684
13.0919
12.7963
12.8391
12.9365
12.5444
12.9336
12.8781
12.6681
12.9823
12.6188
12.8585
12.7457
12.7331
12.3356
12.8133
12.6387
12.9413
12.7359
12.5269
12.825
12.8377
12.75
12.6669
12.9405
12.5737
12.6757
13.1362
12.8445
13.0624
12.7436
12.8021
12.6047
12.5866
12.8433
13.1775
12.7034
12.9482
13.247
12.9415
12.8217
12.7341
13.2318
13.195
12.9411
12.404
12.8374
12.8744
12.9356
12.994
12.514
12.747
12.5223
13.1982
12.8575
12.6614
12.7484
12.5048
12.9112
12.837
12.5354
12.9634
13.117
12.9065
12.8714
12.5449
12.8571
12.815
12.8748
12.7499
12.9916
12.576
13.0589
12.4748
12.6204
12.5629
12.7795
12.4619
13.0071
12.8905
12.8046
12.7589
13.0681
13.1992
12.6389
12.5251
12.7266
12.9477
13.0158
13.137
12.7394
12.7387
12.8184
12.7944
12.9618
13.0066
12.9763
12.796
13.1818
13.1281
12.8347
12.8311
13.009
13.1239
13.0106
12.9439
12.8673
12.7772
12.8361
12.8736
12.6875
12.8634
12.9844
12.972
12.8025
12.4821
12.8652
12.7927
12.784
13.4787
12.8949
12.9936
12.7172
13.0007
12.6176
12.666
13.1889
13.0299
12.7926
12.8997
12.9961
12.7138
12.7959
12.6826
13.0585
12.5508
13.0084
13.0549
12.976
12.5198
13.1131
12.8491
12.7859
12.1647
12.8429
12.8841
12.6566
12.6679
12.8417
12.7584
12.8094
13.0656
12.8421
12.8733
12.9318
13.2128
12.8576
12.741
13.0923
13.1561
12.7594
12.7176
12.4995
12.8066
12.7147
12.7748
12.7785
12.8202
13.2767
12.9118
13.0956
13.1095
13.4224
13.0483
13.0935
13.2397
13.0466
12.5312
13.1676
13.0222
13.0739
12.8363
12.7475
12.7633
12.8305
12.6754
12.7789
13.2463
13.0871
12.8129
12.7616
12.7546
12.8394
12.8412
13.1849
12.8066
13.0314
12.673
12.5591
12.6013
12.4745
12.4606
12.7052
12.4537
12.5342
12.829
12.9587
12.7173
12.9086
12.6339
12.4905
12.609
13.2135
12.9031
12.7271
12.7695
12.9449
12.8569
12.5487
12.8541
12.8442
12.7178
12.8294
12.8466
12.8876
12.6335
12.9652
12.75
13.0666
12.8942
12.641
12.9271
12.9362
12.8478
12.9173
12.6819
12.5852
12.4441
12.9967
12.7119
13.1851
12.8442
13.1303
12.9698
12.7839
12.84
12.8139
13.2577
12.9536
13.1148
12.7066
13.0002
13.1634
12.584
12.8664
12.9955
13.2248
13.0144
13.0397
13.1995
13.0092
13.0877
12.8754
12.6669
12.983
13.1492
13.2405
12.9009
13.0435
13.2969
13.0441
13.2153
12.956
13.09
13.1809
13.1665
13.129
13.0197
12.9275
13.4272
13.1614
12.8668
13.1167
13.3399
13.1464
12.9243
13.0958
12.8972
13.0754
12.9212
13.2177
13.3165
12.734
13.2823
12.7931
12.6799
13.2939
13.2378
13.1249
12.7073
13.2468
13.1423
13.0214
13.0579
12.8366
12.957
12.9921
13.134
12.9429
12.9221
12.8881
12.5826
12.578
13.0237
13.0579
12.937
13.0404
12.9977
13.1893
12.5796
13.2897
13.0874
12.8455
13.1115
12.9644
13.3462
12.8423
12.7752
12.5389
13.2274
12.7863
13.1323
12.5378
12.8932
13.3149
13.0379
13.0564
12.2749
12.5536
12.8069
12.5627
12.8204
12.7203
12.7194
12.643
12.9119
12.7666
13.1076
13.1051
13.0814
12.9009
12.6904
12.7695
13.2145
13.0592
13.0523
13.4212
12.9837
12.6219
13.0758
13.1273
13.0139
12.6625
12.8981
13.1741
12.9275
13.1462
12.9425
13.1383
12.7453
12.9382
12.8057
13.0518
12.9307
13.1061
12.9069
12.8413
12.8198
13.2076
13.0413
12.8548
12.8966
13.1562
13.1963
12.6477
12.7527
13.0676
13.4289
12.6712
12.8723
12.8833
12.9546
12.9277
13.0867
12.5539
12.8868
12.9745
13.0974
13.118
13.0943
12.9231
12.9398
13.0677
12.8345
13.1761
12.959
13.1841
12.6927
12.7108
12.8997
12.4518
13.1785
12.9027
12.9585
12.885
12.8094
13.0296
12.8844
12.9472
12.697
13.0344
13.2595
13.223
13.0398
12.7488
12.9868
12.9207
13.1862
12.974
13.1883
12.9777
12.7648
12.9419
12.4885
12.9128
12.6071
12.8708
12.7337
12.7619
12.651
12.5522
12.9957
12.9241
13.5637
12.9137
12.7683
13.0912
12.7496
12.7496
12.6716
12.4764
12.9265
13.1189
13.5814
12.9198
12.9611
13.3994
12.9351
12.826
12.8548
12.7752
13.0669
13.0155
13.0865
12.7227
12.6269
12.8639
13.1224
12.5153
13.1395
12.6823
12.7404
13.0867
12.7257
12.5525
13.1758
13.071
13.1531
12.6361
12.3667
12.6411
12.7657
12.9163
12.4347
12.6435
13.0803
13.2069
12.6387
12.6212
12.902
13.0588
12.6394
13.0475
12.6982
11.9747
12.63
12.5714
13.0466
12.6095
13.2074
12.8837
12.8187
12.5617
12.958
13.0521
12.4929
12.5862
12.966
12.666
13.231
13.0669
12.7
12.6727
12.705
12.8263
12.3956
12.6922
12.6525
12.8747
12.9242
12.8606
13.0989
12.946
12.7345
12.9614
12.6545
12.6531
12.7193
12.8692
12.7388
12.9395
13.0201
12.3096
12.5708
12.9046
12.7583
12.5999
12.5717
12.7923
12.8546
12.9571
12.8694
12.3613
13.0422
13.1423
12.6497
12.7836
12.8841
12.7476
12.8826
13.1327
13.0416
12.9852
12.9589
12.6869
12.9071
12.9825
13.0983
12.9814
13.1068
12.5611
12.8455
13.1248
12.9954
12.5403
12.9167
13.1266
12.9106
12.4239
12.8025
12.7507
13.0101
12.7651
12.5627
12.8945
12.852
12.4651
13.0712
12.833
13.0974
12.6053
13.0663
12.8783
12.6371
12.4255
13.1191
12.8966
13.0109
13.3895
12.5479
13.0679
13.178
12.8997
13.1288
12.9788
12.9184
12.8456
12.994
12.9825
13.022
13.1058
13.0673
13.339
12.9807
12.9626
13.1816
12.7323
12.8303
12.5985
12.9329
12.9803
12.8952
13.187
12.9863
13.1592
12.7977
12.7354
12.9868
12.7795
12.9807
13.0022
13.1739
12.8285
12.9248
12.9422
12.8558
12.4643
12.5931
12.8372
12.9386
12.604
12.7455
12.5869
12.7788
13.0198
12.4928
12.5528
12.3883
12.7982
13.0116
12.5673
12.9512
12.5413
12.7827
12.9434
12.6973
12.3181
13.0458
12.7966
12.2949
12.7969
12.8517
13.2478
12.5953
12.5821
13.0993
12.747
13.0002
12.6013
12.8377
12.598
12.914
12.4245
12.7056
12.7096
12.965
12.9917
12.8737
12.7589
12.7556
12.3384
13.2323
12.6631
12.8178
12.6619
12.6349
12.8143
12.8198
12.8741
13.1089
12.5858
12.86
13.2926
12.3208
12.8454
12.8562
12.4749
12.7859
12.8788
12.9498
12.514
13.0141
12.7654
12.7554
12.7133
12.9828
12.9159
12.9014
13.305
12.3295
13.0495
12.948
12.4981
12.4877
12.7871
12.9961
12.8108
13.0466
13.16
12.82
12.8157
13.065
12.6551
12.7763
13.1382
13.012
13.1077
12.7622
12.8307
12.9191
12.9799
13.3663
12.6227
13.0379
12.5964
12.8614
12.8799
12.6658
12.9468
12.8177
12.9649
12.5409
12.5101
13.1276
12.9158
12.8741
12.8775
12.9193
12.5933
12.4863
12.7049
13.0832
12.8422
12.761
12.6801
12.5208
13.1896
12.584
12.7169
13.1648
12.7051
12.8357
12.8314
12.8724
13.1558
13.2864
12.9992
12.6155
12.8079
12.7707
12.5299
13.1759
12.7169
12.854
13.1245
12.8929
12.6982
12.8723
12.943
12.6978
12.8276
12.9029
13.1757
12.7134
12.7005
13.0698
13.2307
13.0855
13.035
12.8309
13.0346
12.7132
12.9503
12.8739
12.8716
12.7973
13.2823
13.0909
12.8272
12.4898
13.1344
12.5992
12.999
12.7817
12.6076
13.0409
12.7435
12.5592
12.9531
12.8847
13.0755
12.9406
12.7803
12.9996
12.577
12.7527
12.6694
12.657
12.6636
12.5938
12.5415
12.8427
12.9357
12.8483
12.5537
12.5428
13.3931
12.8352
13.1087
12.7846
13.1796
12.6773
12.883
12.7427
13.1142
12.8763
12.8514
13.0885
13.3409
13.1781
12.7477
13.0028
12.6098
12.9486
12.9065
13.3309
13.0206
12.6153
13.0303
12.6523
13.0889
12.9023
12.9758
13.2959
12.7397
13.1602
12.7694
13.2195
12.808
12.456
13.1057
12.8175
13.0578
12.9125
13.2765
12.6135
12.6055
12.9761
12.9312
12.7941
13.0616
12.9765
12.8202
12.6725
12.8549
12.8607
12.8898
12.9708
12.9062
12.7986
13.1233
13.0057
12.9871
12.8867
12.8757
12.9704
12.682
12.8801
13.1177
12.9033
12.7915
13.0329
13.2554
12.8817
12.8408
13.0551
12.7202
12.8073
12.8785
13.3725
12.653
12.8111
12.5542
12.7884
