18.2821
18.4381
17.9702
17.7335
17.8365
18.0773
18.1857
18.7482
18.1004
18.4247
18.2062
18.0114
17.94
18.4833
17.8731
18.0848
18.0585
18.1651
17.8707
18.0856
18.1913
18.1481
18.1916
18.0949
18.2703
18.3158
18.1858
17.9347
17.9187
18.4306
18.241
18.021
18.4079
18.1195
17.9355
17.9168
17.7552
18.0311
17.8448
17.88
17.9225
17.8773
18.1758
18.1019
17.9609
18.1363
18.3209
18.1301
18.0381
18.1489
17.9489
17.9185
17.8872
18.1599
17.7817
17.8003
17.8447
18.1373
18.4928
17.7642
18.3038
18.0039
18.097
18.2181
18.4821
17.9396
17.6493
17.9492
17.9287
18.1507
18.003
17.7897
17.9798
18.2863
18.4061
18.2849
18.0038
18.2484
18.4889
18.0799
17.9144
18.38
18.0703
18.0966
17.9879
18.6279
18.5504
18.3436
18.1971
17.9457
18.3048
17.8617
17.9883
18.0625
18.1485
18.1578
17.9249
18.1538
17.813
18.1864
18.435
18.1069
18.0456
17.7127
18.2461
18.3091
18.0835
18.2046
18.0602
18.2388
17.8626
17.8938
18.1534
17.8495
18.4492
18.0207
18.213
18.4855
18.2001
17.9983
18.3735
18.1044
17.9612
17.9694
17.5467
18.1621
17.9502
18.384
18.1267
18.008
18.4401
17.9831
18.2911
17.9278
18.2122
18.2694
17.9499
18.2823
18.0218
17.9132
18.1627
18.3677
18.2459
18.275
18.1441
18.3696
18.361
18.2001
18.4903
18.1472
18.2896
18.1056
18.1987
18.0073
17.8722
18.1821
18.1175
18.4512
17.877
18.2002
18.2722
18.0057
18.0979
18.0651
18.0859
17.8465
17.8466
18.1226
17.9914
17.7356
17.93
18.0266
18.1383
17.9198
18.2848
18.0012
18.4814
17.931
18.3877
18.3196
18.0107
18.2659
18.0854
18.0093
18.1215
18.5239
18.3179
18.0467
18.1425
18.2271
18.2591
18.324
18.456
18.0042
18.475
18.3387
18.321
18.2368
18.0868
17.9655
17.8084
18.1805
18.4068
17.9065
18.1728
18.2675
18.175
18.0596
18.1171
17.8007
18.0084
18.5453
18.0404
17.8908
18.1964
17.9391
18.1792
18.181
18.1579
18.0266
18.0618
18.2262
17.8233
18.2857
18.2261
18.2165
18.2209
18.2653
17.9297
18.0917
18.0743
17.9681
18
18.1027
18.2285
18.0568
18.1151
17.7188
18.1836
17.8252
18.2029
18.0162
18.3026
18.4595
18.2228
17.739
17.9379
18.0581
18.2991
17.6273
17.8067
17.95
18.2855
18.0221
18.2186
18.2015
17.6037
18.1457
17.9379
18.4457
18.306
17.9877
18.3264
18.4635
18.2879
17.8862
17.7482
17.7456
18.4566
18.3637
18.5314
18.0876
17.9564
18.3231
18.0697
18.315
18.4203
18.4069
18.4725
18.1178
18.3969
18.1721
18.0429
17.7542
18.1616
17.9853
18.2131
18.364
17.8482
17.9128
18.2387
17.9572
18.1734
18.3267
18.3029
18.5622
18.177
18.4181
18.6591
18.1905
18.7902
18.3247
18.4693
18.4943
18.1108
18.4001
18.4512
18.3074
18.5222
18.365
18.3969
18.1934
18.7364
18.6887
18.4003
18.0942
18.5841
18.62
18.1655
18.0134
18.6586
18.7443
18.3965
18.5076
18.4387
18.1887
18.719
18.1369
18.7726
18.0772
18.4598
18.4615
18.3935
18.3967
18.2363
18.2715
18.349
18.3486
18.3603
19.0517
18.7558
18.6573
18.5447
18.3482
18.5378
18.259
18.3672
18.4336
18.36
18.5031
18.4772
18.6232
18.158
18.4911
18.4586
18.4388
18.6261
18.4292
18.2879
18.6926
18.4156
18.2517
18.2559
18.7183
18.3304
18.1859
18.4443
18.2321
18.4843
18.6431
18.2569
18.2551
18.7024
18.5691
18.4114
18.3468
18.4969
18.6482
18.441
18.6773
18.7212
18.4218
18.1789
18.454
18.4407
17.7075
18.387
18.0228
18.4357
18.5682
18.0789
18.0839
18.0001
18.7677
18.3953
18.7016
18.295
18.5114
18.3666
18.3719
18.0545
18.1471
18.2094
18.0396
17.9992
18.4883
18.5232
18.1389
18.7801
18.4071
18.1756
18.0925
18.0389
18.0519
17.6093
18.6036
18.1693
18.0373
18.1121
17.9006
18.1785
18.0101
17.8863
18.3043
18.5103
18.3922
18.1674
18.1275
18.295
18.3138
18.7507
18.2627
18.2531
17.8951
18.504
18.407
17.9808
18.2631
18.4261
17.8845
17.9738
18.1734
18.2548
18.358
18.4402
18.2355
18.402
18.2761
18.2488
18.2768
18.6093
17.9228
18.1313
18.6344
18.5052
18.2294
18.3166
18.3415
18.411
18.273
18.3785
17.8885
18.1617
18.1613
18.0907
18.5783
18.3725
18.33
18.5656
18.2313
18.497
18.082
18.068
18.4005
18.239
18.4234
18.3657
18.1761
18.3668
18.3999
18.3789
18.1466
18.3168
17.9856
18.385
18.2109
18.2705
18.5399
17.9596
18.6355
18.4523
18.4689
17.7532
18.2876
18.235
17.88
18.2267
18.34
18.2698
17.9926
18.2163
17.8587
18.5968
18.2094
18.2412
17.8765
18.5124
17.8772
17.8458
17.8615
18.1981
17.9052
18.292
17.8709
18.0963
18.0712
17.4953
18.2196
18.1564
18.4732
18.1715
17.6448
18.3039
18.1923
17.7995
18.2683
18.3376
18.1027
18.0995
18.4442
17.8892
18.0974
18.3876
18.3356
18.0246
18.1571
18.2813
18.2147
18.3553
18.1959
18.4432
18.0961
18.4244
17.6999
17.7398
17.9659
17.7945
18.3427
18.0792
18.3126
17.7455
17.9719
18.2282
17.8259
18.3115
18.3051
18.1532
18.0236
18.6062
18.0247
18.1716
18.5327
18.5285
18.1686
18.2772
18.21
18.0121
18.0772
18.3776
18.1317
18.6124
18.5806
17.9964
18.1178
18.0288
18.4113
17.8806
18.1827
18.2804
17.8964
17.9752
17.8671
18.0401
18.2259
17.8807
17.9444
18.1504
17.7588
18.0279
17.8709
18.0788
17.7621
18.3679
18.032
18.1502
18.3705
18.0075
17.9639
18.006
18.0984
17.8528
17.8787
18.1598
18.2921
17.7292
18.1043
17.7465
18.2948
18.4222
17.9481
17.916
18.1348
18.3179
17.8562
17.7047
17.8581
18.3397
18.1121
18.2548
18.1905
17.8026
18.3898
18.1799
18.4102
17.928
18.0767
17.8643
17.7486
18.0223
18.2373
18.1222
18.0814
17.6499
18.1338
17.8373
17.8378
17.7722
17.8621
18.0746
18.1903
17.9877
18.1194
17.9854
18.0408
17.8186
18.2683
17.9881
17.9926
18.2784
17.8698
17.6841
18.151
17.9719
18.1734
18.3106
18.0728
18.0295
17.9477
18.1724
17.8658
17.9827
18.0685
18.2259
18.281
17.6819
17.9386
18.0368
18.1046
17.8131
17.9447
17.9523
18.3534
18.3237
18.4246
18.3277
18.2989
18.2801
18.1994
18.264
18.3124
18.4285
18.733
18.0416
17.7892
18.594
18.004
18.4065
18.4446
18.6027
18.045
18.7277
18.2302
18.0831
18.3201
18.588
18.4338
18.0731
18.3323
18.4395
18.2487
18.0426
18.2428
18.3462
18.4352
18.5154
18.1108
18.082
18.5929
18.3796
18.3043
18.3707
17.9296
18.5735
18.3835
18.4802
18.2929
18.1895
18.064
18.2168
17.923
17.8564
17.9811
18.4634
18.462
18.5267
18.5138
17.9241
18.1799
18.06
18.4351
17.9878
18.2428
18.1981
18.5469
18.0304
18.5048
18.0191
18.6638
18.6818
18.5895
18.2863
18.1812
18.4875
18.6316
18.3063
18.3201
18.3371
17.8176
18.4754
18.4659
18.5457
18.4549
18.4589
18.2067
18.4555
18.1419
17.929
18.5621
18.2423
17.8341
18.1011
17.9434
18.9552
18.4443
18.3758
18.6975
18.6284
18.5885
18.7299
18.0491
18.1031
18.5667
18.4087
18.4651
18.4385
18.5077
17.9966
18.3392
18.4588
18.6176
18.3377
18.9156
18.4532
18.3231
17.8034
18.1946
18.6908
18.4495
18.5467
18.4512
18.412
18.5215
18.1875
18.391
18.4812
18.5794
18.5661
18.3003
18.5913
18.6871
18.1631
18.4422
17.8089
18.6679
18.5562
18.4841
18.457
18.4888
18.4408
18.3598
18.1805
18.305
18.1814
18.4269
18.1903
18.3609
18.3711
18.2843
18.5228
18.0829
18.872
18.7159
18.577
18.157
18.565
18.6244
18.3636
18.3321
18.8546
18.4563
18.5446
18.578
18.4781
18.1128
18.3086
18.1435
18.2816
18.2554
18.3608
18.7421
18.5697
18.5764
18.5669
18.3606
18.4779
18.1435
18.4543
18.3298
18.4491
18.3935
18.5466
18.5068
18.4875
18.4182
18.7041
18.5999
18.1626
18.1715
17.9479
17.9505
17.827
18.3471
18.1028
18.3608
18.5244
18.2599
18.0368
18.1664
18.1669
18.1746
18.1632
18.127
18.1777
17.9254
18.0458
18.2896
18.2325
18.1457
18.7816
18.3378
18.548
18.1385
17.9485
18.1186
17.9653
18.4435
17.992
18.0231
17.9721
18.3371
18.278
18.4067
17.8353
18.3461
18.1616
18.3068
18.4775
18.5959
18.2289
18.3529
18.2942
18.2594
18.1476
18.0686
17.9198
18.1068
18.2274
18.1041
18.309
17.8293
18.357
18.1222
18.0327
18.1485
18.1853
18.2313
18.2662
18.0152
18.2572
18.4234
18.2432
17.9264
18.1658
18.1993
17.8636
17.8879
17.866
18.9791
18.4071
18.0216
17.7021
18.1252
18.4145
18.3148
18.275
17.9196
18.685
18.2006
18.072
17.8616
17.889
18.0025
18.2658
18.2264
18.3491
18.3929
18.6101
18.2653
18.2717
18.533
18.5964
18.3117
18.6143
18.3874
18.4051
18.3184
18.4428
18.5381
18.6383
18.4591
18.3742
18.2825
18.0544
18.465
18.2515
18.7692
18.2961
18.7659
18.243
18.2521
18.5774
18.4092
18.1786
18.5664
18.7277
18.2092
18.5218
18.6278
18.8944
18.3314
18.5821
18.5144
18.4325
18.5905
18.335
18.2498
18.6081
18.5455
18.6698
18.4764
18.4391
18.2609
18.2039
18.7116
18.4997
18.7807
18.4387
18.1894
18.7032
18.2241
18.2025
18.246
18.6976
18.2871
18.5231
18.8599
18.3027
18.1789
18.2353
18.9293
18.5958
18.6476
18.4699
18.4375
18.1794
18.5224
18.3042
18.1763
18.4491
18.2883
18.3952
18.554
18.4863
18.809
18.3802
18.5797
18.1442
18.5326
18.1856
18.4373
18.4342
18.3326
18.9214
18.3767
18.4046
18.1739
18.2687
17.9573
18.1661
18.5643
18.1069
18.1097
18.3135
18.3888
18.5556
18.605
18.2237
17.9871
18.3138
18.7217
18.0865
18.2363
18.2019
18.356
18.3061
18.5171
18.3763
18.7142
18.4924
17.91
17.9351
18.4798
18.5322
18.1548
18.2719
18.6075
18.4696
17.9361
18.7339
17.9059
18.3343
18.3908
18.2775
18.4398
18.608
18.3307
18.476
17.706
17.9245
18.3826
17.7843
18.5651
18.1297
18.6038
18.3259
18.543
18.4184
18.7331
18.0425
18.0478
18.4547
18.5267
18.1451
18.4892
18.4408
18.3742
18.5043
18.3362
18.3772
18.3531
18.439
18.5791
18.3605
18.2646
18.0936
18.6365
18.3829
18.3961
18.4963
18.4875
18.2212
18.2667
18.1667
18.3683
18.6228
17.8916
18.0844
18.5784
18.245
18.2831
18.3283
18.0556
18.6548
18.3709
18.3022
18.5463
18.5956
18.7863
18.0854
18.6106
18.6945
18.3811
18.7548
18.5047
18.5325
18.1279
18.5261
18.0714
17.8587
18.37
18.3054
18.4417
18.1748
17.7213
18.7764
18.6333
18.403
18.2525
18.2498
18.6696
17.9191
17.9578
18.25
18.4508
18.3073
18.7855
18.1451
18.5662
18.3709
18.1257
18.579
18.3164
18.4755
18.5777
18.1288
18.1014
18.4443
18.46
18.2754
18.4325
18.3387
18.4134
18.4551
18.0026
18.3666
18.5424
18.5406
18.3444
18.2015
18.381
18.6567
18.0538
18.5368
18.4562
18.4015
18.4121
18.58
18.3328
18.4333
18.2395
18.3389
18.8087
18.3164
18.3213
18.6146
18.4609
18.486
18.0822
18.5714
18.2233
18.5431
17.9615
18.6682
18.4715
18.0022
18.461
17.9722
18.87
18.2258
18.3387
18.0249
18.089
18.125
18.3191
18.4347
18.2133
18.1736
18.1175
18.1014
18.4455
17.9809
18.1545
18.4118
17.9162
18.2968
18.9014
18.0003
18.1334
18.0267
17.8237
18.2954
18.129
18.5723
18.2152
18.1894
17.9139
18.1132
17.8266
18.352
18.2775
18.0617
18.4896
18.1796
18.2819
18.5527
18.6194
18.2103
18.267
18.2271
18.3404
18.0252
18.0889
18.185
18.2973
18.4169
18.104
18.5017
18.0981
18.6232
18.0563
18.426
18.1755
18.1719
18.6027
18.2595
18.3722
18.0723
17.813
18.6443
18.3821
17.8925
18.3137
18.4283
18.0339
18.0286
17.7988
18.5145
18.5393
17.8042
17.6378
17.9369
18.324
18.291
18.2239
18.1105
18.1652
18.2916
18.3984
18.1661
18.507
18.0214
18.1168
18.1322
18.0869
18.0348
18.0665
18.7029
17.9192
18.162
18.1763
18.4802
18.0525
18.1766
18.2979
18.4428
18.1715
18.1152
18.2005
18.101
18.4196
18.3642
18.1357
18.2196
18.6342
17.8524
18.3661
18.2944
18.3615
18.2975
18.1535
18.1894
18.0942
18.2895
18.438
18.6358
18.2313
17.9279
18.4937
18.5948
18.209
18.4266
18.3
18.3053
17.9952
18.3408
18.2279
18.0536
17.6887
18.2915
18.2487
18.2138
18.2679
18.4214
18.0063
18.2043
18.3678
18.0945
18.2019
18.1411
18.4037
18.3734
18.09
18.0207
18.4273
17.9916
18.4797
18.1138
18.1432
18.1982
18.7078
17.8007
18.2732
18.1822
18.4982
18.0303
18.24
18.6295
18.1346
18.4634
18.2305
18.5347
18.3503
18.3032
18.2453
18.2938
17.9403
18.5282
18.1123
18.3393
18.4095
18.0478
18.0911
18.184
18.3362
18.2482
18.0399
17.841
18.2549
18.3099
17.6524
18.02
18.373
17.8365
18.237
17.9141
18.6052
17.6405
18.3749
17.6279
18.4902
17.7575
18.0588
18.3829
18.2445
18.4794
17.9594
17.738
17.751
18.5679
18.0779
18.4554
17.9182
18.0389
18.4778
18.2878
18.0973
18.3099
18.2802
18.2807
17.8752
18.0585
17.7864
17.9539
18.0242
17.7731
18.3058
18.2769
17.8985
18.0638
18.142
17.9113
18.2446
17.97
18.1926
17.6388
18.0822
17.6691
18.281
18.1852
18.5001
18.1993
18.0388
18.0742
18.2219
18.0007
18.1203
18.0503
18.4267
18.5747
18.0245
18.3252
18.2174
18.3828
18.4336
17.9824
18.2156
17.5126
17.9888
18.1192
18.5634
18.0688
17.6969
18.3408
18.242
18.4776
18.1181
18.1889
18.2891
18.3709
18.0719
18.5536
18.2536
18.2115
18.1006
18.2331
17.8563
17.9542
17.9556
18.3392
17.9267
18.3208
18.0134
18.3612
18.4368
17.8164
18.3373
18.3874
18.406
18.1357
18.0434
18.1662
18.3242
17.9649
18.1825
18.2651
18.3992
18.3067
17.7886
18.3603
17.9857
18.2668
17.7915
18.1973
17.9759
18.1662
18.1195
18.4173
18.0492
18.4155
17.9285
18.3264
17.941
18.3847
18.2133
18.3574
18.4727
18.0932
18.2378
17.8829
18.0917
17.9862
18.2719
17.9888
18.1931
18.0185
17.8551
18.6913
18.3532
18.1789
18.6069
18.0998
18.3434
17.9668
18.2173
18.4365
18.4533
18.4866
18.3787
18.3547
18.5223
18.2646
18.0752
18.4409
18.0103
18.0978
18.4962
18.5583
18.2685
18.208
18.6367
18.3755
17.9957
18.4263
17.9944
18.4717
17.9622
18.2979
18.4114
18.3355
18.3143
18.5709
18.0982
18.29
18.2306
18.467
18.5495
18.272
18.2927
18.6688
18.2896
18.2657
18.4763
18.4842
18.3471
18.436
18.6837
18.1597
18.1119
18.7347
18.5651
18.3195
18.2919
18.3659
18.7947
18.1949
18.4582
18.1038
18.1309
18.1781
18.353
18.3893
18.0215
18.3352
18.3875
18.5418
18.0426
18.0093
18.0439
18.3778
17.8693
18.3005
18.0534
18.4595
18.7458
18.4567
18.232
18.2574
18.563
18.5774
18.0951
18.5303
18.6127
18.4297
18.1564
18.0068
18.5005
18.4612
18.5307
18.5399
18.3837
18.6913
18.5907
18.3753
18.0755
18.2313
18.0177
18.1395
18.3486
18.0595
18.2617
18.5916
17.9897
18.5707
18.2793
18.656
17.9682
18.4569
18.5883
17.9462
18.0706
18.5619
18.7215
18.0525
18.5172
17.7683
18.6281
18.444
18.1404
18.3716
18.0533
18.4007
17.9775
18.203
18.0804
18.1914
18.0188
18.1768
18.1231
18.706
18.4471
18.6025
18.1818
18.3081
18.2778
18.0654
18.1842
18.0041
18.3139
18.0535
18.1942
18.709
18.0451
18.5101
18.4531
18.2902
18.7329
18.2516
18.1368
18.1591
18.4152
18.4062
18.3424
18.0814
18.3232
18.6565
18.2593
18.4879
18.1992
18.1724
18.5315
18.0879
18.615
18.6786
18.3804
17.9975
18.3333
18.2549
18.3412
18.4596
18.6735
18.2626
18.1017
18.2387
17.8506
18.4544
18.5186
17.9124
18.0365
18.2866
18.4768
18.0537
18.3452
18.3155
18.2541
18.0218
17.989
17.9953
18.2893
18.1292
17.8574
18.2013
18.0728
18.0832
18.4247
18.0141
18.2331
18.3066
17.941
18.2222
18.041
18.3138
17.6685
17.8316
18.409
18.6097
17.9858
18.3409
17.9997
17.9842
18.3685
18.116
18.1438
18.0857
18.2274
18.1452
17.7321
17.7997
18.2714
18.1303
18.0527
18.2937
18.3952
18.2946
18.1994
18.1182
18.4898
17.9922
18.3564
18.3436
17.876
17.809
17.783
18.2431
18.3256
18.6356
18.3156
18.0115
18.3922
17.9227
18.0215
18.2635
18.458
18.3413
18.582
18.3805
18.389
18.4888
18.1106
18.4642
18.637
18.3944
18.2522
18.3526
18.1824
18.3436
18.1931
18.2036
18.2153
17.9137
18.0802
18.2766
18.6082
18.664
18.291
18.2773
18.6157
18.345
17.9408
17.9771
18.2083
18.4591
18.4681
18.2368
18.3101
18.402
18.4713
18.0315
18.5527
18.6738
18.1297
18.5774
18.2272
18.414
18.3168
18.1429
18.5919
18.0078
18.3042
18.1468
18.2854
18.0211
18.2171
18.3522
18.5996
17.962
18.4253
18.082
18.2103
18.2999
18.2048
18.5115
18.2751
18.3155
18.3991
18.9276
18.4149
17.9588
18.9928
18.6163
18.3966
18.436
18.0806
18.3834
17.8383
18.5422
18.0207
18.3236
18.2496
18.4541
17.9896
18.2537
18.6857
18.3122
18.7688
18.3789
18.0716
18.0887
18.3748
18.1903
18.1861
18.5007
18.4369
18.219
18.2798
18.5101
17.7636
18.3311
18.2323
18.3668
17.9923
18.5073
18.1933
17.7458
18.2492
18.1828
17.9377
18.2887
18.3216
18.3535
18.2226
18.2427
18.1577
18.3487
18.239
18.0966
18.2785
18.5187
18.2253
17.8277
18.1104
18.6261
18.6504
17.8221
18.33
18.011
18.4433
18.4057
18.2568
18.1047
18.2903
18.227
18.1206
18.4916
17.8164
18.0857
18.2677
17.9375
18.1998
18.4574
18.0222
18.5125
18.2574
18.2449
18.2758
18.196
18.0279
18.1098
18.121
18.3262
18.2852
18.7704
18.2528
18.3168
18.4047
18.5256
18.0893
18.2475
18.3766
18.4057
18.2767
18.4759
18.681
18.1113
17.9829
18.6674
18.6774
18.6674
18.0597
18.5125
18.2231
18.2563
17.9841
18.0959
17.9523
18.0603
18.4134
18.0977
18.5504
18.2044
18.3677
17.9391
18.2701
18.1197
17.9787
18.5176
18.2667
18.09
18.3474
18.0291
18.5079
18.2702
18.0752
18.3495
18.1697
18.5955
17.9977
18.3022
18.6624
18.382
18.3209
18.4136
18.5485
18.3443
18.5586
18.3825
18.2315
18.318
18.321
18.6146
18.2009
18.2845
18.3532
18.7498
18.6084
18.5613
18.1078
18.3516
18.1965
18.1773
18.6933
18.3668
18.4456
18.1929
18.4763
18.1413
18.3482
17.9061
18.6948
18.7218
18.2616
18.4386
18.5024
17.8849
18.3952
17.9355
18.4041
18.3173
18.5505
18.2807
18.0007
18.3426
18.3593
18.7179
18.4252
18.3438
18.7202
18.2253
18.1021
18.285
18.3178
18.3101
18.1371
18.7406
18.4429
18.3915
18.265
18.7193
18.3432
18.3166
18.3558
18.1328
18.4634
18.3826
18.4655
18.3067
18.812
17.7825
18.346
18.508
18.3488
18.1478
17.833
18.1464
18.683
18.7578
18.083
18.4221
18.2117
18.6656
18.0089
18.2594
18.5555
18.3422
18.343
18.44
18.4474
18.3832
18.2043
18.4085
18.1303
17.984
18.221
17.7748
18.5218
18.1013
18.2524
18.6521
18.5965
18.3254
18.6816
18.2949
18.6168
18.0942
17.9981
18.3157
18.1091
18.5623
18.3856
17.9406
18.1631
18.207
18.1331
18.6659
18.4696
18.4874
18.3807
18.0981
18.529
18.1748
18.7922
18.0664
18.1931
18.3831
18.2345
18.2467
18.3883
18.2551
18.2999
18.4082
18.6146
18.3822
18.2291
18.2681
18.1943
18.2718
18.016
18.2474
18.2544
18.2515
18.1975
18.6848
18.2006
18.0511
18.063
18.4389
18.647
18.2405
18.2258
18.4431
18.324
18.3741
18.4575
18.1606
18.1021
18.3022
18.1686
18.265
18.1912
17.9776
18.283
17.7567
17.9811
17.9945
18.2637
18.7905
18.1188
18.307
17.8465
18.4497
18.214
18.5679
18.3826
17.9986
18.5978
18.0704
18.4001
18.1787
18.3675
18.8525
18.4834
18.3009
18.3398
18.3506
18.5152
18.2211
18.1734
18.5713
18.4535
18.0408
17.9475
18.6709
18.2756
18.2753
18.7003
18.425
18.2575
18.7046
18.2928
18.2748
18.2997
18.3336
18.2202
18.3029
18.3381
18.3084
18.305
18.0319
18.2174
18.1123
18.2186
17.8837
17.8083
18.5947
17.8212
18.2341
18.1992
17.9216
18.3327
18.5657
18.2616
18.1856
17.8985
18.2008
18.2745
17.8515
18.2272
18.0019
18.2047
18.3984
17.9605
17.9072
18.1131
18.1003
18.2147
18.0607
18.1414
18.2869
18.1751
18.3179
18.206
18.1926
18.0902
17.9051
18.426
18.2534
17.8771
18.0743
18.1072
18.4761
18.084
18.1801
18.4335
18.6937
18.1429
18.4551
18.2375
18.0949
18.2999
18.6114
18.0312
18.4496
18.199
18.2358
18.2128
18.164
18.3018
18.3929
18.3369
18.2939
18.2074
18.3477
18.3452
18.5724
18.6294
18.0501
18.1427
18.1931
18.5989
17.9377
18.3693
18.1585
18.4196
18.5188
18.537
18.0902
18.5377
18.3727
18.3942
18.5759
17.9539
18.2358
18.664
18.4094
17.7838
18.3609
18.0588
18.5286
18.3096
18.5728
18.1588
17.854
18.5005
18.4789
18.181
18.4699
17.9988
18.3727
18.0458
17.7177
18.1653
18.4725
18.3078
18.1281
18.224
18.0931
18.0536
17.938
18.1302
18.3629
18.2888
18.2052
18.3741
18.1443
18.1076
18.3142
18.2532
18.3946
18.2837
18.6137
18.2474
18.3349
18.7798
17.8887
18.1255
18.3451
18.4908
18.2171
18.2342
18.2291
18.3499
18.2135
18.0846
18.4749
18.2253
18.2584
18.3282
18.3234
18.1914
18.1169
17.9166
18.2592
18.3345
18.3285
18.3035
17.9473
18.1293
18.1314
18.3833
18.2325
18.4207
18.3873
18.067
17.9572
18.0822
18.1185
18.2179
17.8225
18.529
18.317
18.3984
18.5194
18.1899
18.286
18.6298
18.2491
17.9492
18.0906
18.1521
18.0993
18.1165
18.3736
17.9292
18.1853
18.0273
18.1713
18.0864
18.0674
18.5225
18.2439
18.5815
17.9258
18.0187
18.4508
18.3556
18.1269
18.0636
18.1915
18.1249
18.2663
18.0497
18.0668
18.4457
18.2602
18.0817
18.4946
18.3978
18.4371
18.0283
18.351
18.1748
18.2108
18.5783
18.3574
18.2988
17.9707
18.1031
18.8582
18.2872
17.983
18.1185
18.528
18.5081
18.532
18.6148
17.9328
17.9762
18.0895
18.0069
18.0241
18.1524
18.126
17.9133
17.9634
18.4205
18.0673
18.0384
18.0128
18.0294
18.1072
18.3341
17.8837
18.5057
17.8729
17.8098
18.0312
18.2847
18.122
18.0839
18.4929
18.0252
17.7214
17.7926
17.8896
18.2001
18.1177
18.3635
18.4986
17.9513
18.1847
17.8447
17.9351
18.0489
17.6718
18.1922
18.0824
18.2925
17.6972
17.977
18.3452
18.0366
18.0827
18.0998
17.9422
17.8741
18.1789
17.783
17.7744
18.1149
18.0245
17.9114
18.0902
18.2162
18.0215
17.8675
18.0806
17.6295
18.0118
18.1886
17.9347
18.2825
17.7904
17.6053
17.9894
18.1987
17.9688
18.1602
18.1798
18.2322
18.3107
18.1285
17.9384
18.0321
17.9892
18.187
18.5502
18.0984
18.026
17.9579
18.0901
18.4053
18.0341
18.4574
18.5835
18.1819
18.328
18.1897
18.305
18.3613
18.2994
18.2551
17.6046
18.0252
18.1268
18.2773
18.2319
18.1422
18.4041
18.2429
18.2601
18.2981
18.0227
18.1568
18.0585
17.8057
18.1861
18.3011
18.0895
17.8196
18.1709
18.3215
18.1159
17.836
18.2383
17.9201
18.2368
18.3002
18.293
18.2739
18.3452
18.4125
18.1244
17.9723
18.4122
18.5084
18.0394
18.5314
18.0202
17.7962
18.3522
18.2424
17.9518
18.3352
17.848
17.9493
18.0789
18.7348
17.858
18.7473
18.3413
18.509
18.1425
18.2551
18.6835
18.5333
18.6089
17.9949
17.9061
18.217
18.5959
18.2839
18.6949
18.1599
18.5866
18.647
18.3584
18.1571
18.715
18.6418
18.5624
18.2758
18.1665
18.1789
18.4447
18.0623
18.528
18.6784
18.1994
18.3374
18.8542
18.5405
18.3839
18.1909
18.6555
18.7962
18.3277
17.9969
18.453
18.3852
18.3589
18.559
18.2957
18.5237
18.2938
18.6177
18.3751
18.6249
18.4342
18.4102
18.2294
18.7066
18.3874
18.7907
18.6241
18.4537
18.3288
18.3221
18.7739
18.4371
18.4154
18.4615
18.1981
18.1264
18.2758
18.6392
18.2063
17.7505
18.0816
18.4332
18.463
18.2511
18.2012
18.388
18.0302
18.1554
18.2011
18.3328
18.6982
18.174
19.1111
18.3292
18.3955
18.4794
18.4392
18.5354
18.015
18.3054
18.1702
17.9511
18.3301
18.1344
18.3004
18.2573
18.2705
18.5098
17.9721
18.8123
18.0843
18.3176
18.1817
18.0928
18.1455
18.468
18.0882
18.2991
18.013
18.09
18.6076
18.4985
18.0063
18.4804
18.2092
18.2634
17.9732
18.5945
18.3522
18.4532
17.9901
18.3711
18.3439
18.5466
18.3441
18.4799
18.5736
18.6802
18.8105
18.4308
18.2681
18.3081
18.3029
18.3302
18.384
18.6817
18.3727
18.0686
18.3068
18.3982
17.4204
18.2617
18.0271
18.2191
17.9759
17.8568
18.2566
18.1453
17.9545
18.0222
17.8046
18.2437
18.2663
18.1658
18.2834
18.1698
18.2038
18.0227
18.0727
18.0925
18.2251
18.4885
18.1321
18.1099
17.4705
18.2553
17.9501
18.0115
17.8491
17.8415
17.9449
18.4533
17.9157
18.0399
18.1862
18.1895
17.9416
18.0611
18.1216
18.0194
17.8672
17.9284
18.3092
17.5923
18.1419
18.1095
18.246
17.9522
18.2188
17.8952
18.0102
18.0992
18.3188
18.3989
18.4262
17.8556
18.1354
18.281
18.1336
18.1986
17.822
17.8764
18.285
17.9687
18.6988
18.5456
18.4661
18.653
18.4219
18.3672
17.843
17.9616
18.5874
18.4618
18.4418
18.6941
17.8869
18.6712
18.3901
18.7919
18.6174
18.4804
18.2622
18.2286
18.3501
18.4217
18.2569
18.7252
18.067
18.533
18.9452
18.2117
18.3044
18.061
18.9333
18.5625
18.4033
18.2922
18.5314
18.231
18.0688
18.4069
18.5175
18.4197
18.6072
18.6392
18.1414
18.2767
18.0446
18.6819
18.6004
18.4536
18.6073
18.832
18.0729
18.6564
18.308
18.3298
18.7599
18.3448
18.3841
17.8592
18.5339
18.4407
18.222
18.2218
18.5312
18.6993
18.6558
18.3529
18.4884
18.1397
18.0827
18.0257
18.1599
17.9878
17.8564
18.3841
18.4467
18.2297
18.319
18.2731
18.1224
17.9328
17.8639
18.2647
17.7659
18.0184
18.0879
17.6
18.3743
18.3213
17.9706
18.301
18.3627
18.3039
17.9475
18.376
17.9324
18.4365
17.943
18.2695
17.9049
18.2054
18.2386
17.9221
18.1984
17.9379
18.2261
18.1602
18.2888
18.5159
17.9322
18.2654
18.1738
18.311
18.0356
18.3642
18.1946
18.4304
18.3267
18.4398
18.2291
18.4722
18.2748
18.4121
17.8897
18.0552
18.0932
18.3165
18.1878
17.7715
18.3851
18.4757
18.832
18.1658
18.3926
18.3767
18.9324
18.2502
18.0442
18.5264
18.4476
18.2527
17.9093
18.5829
18.0537
18.1421
18.262
17.9018
18.2801
18.3644
18.5412
17.9322
18.2003
18.298
18.2687
18.4313
18.2058
18.4685
18.038
18.3541
18.407
18.217
18.5762
18.3309
18.3776
18.3675
18.0217
18.0102
18.4566
18.3018
18.3155
18.6515
18.4976
18.3543
18.4555
18.8008
18.4313
18.3919
18.6038
18.8448
18.4818
18.2882
18.5641
18.5976
18.6052
18.1681
18.3443
18.3974
18.5112
18.1408
18.3682
18.3358
18.2788
18.1141
18.049
18.7589
17.6365
18.4585
18.2487
18.4081
17.8957
18.3595
17.7393
18.4988
18.2792
18.478
18.4433
18.4751
17.9433
18.1472
17.9527
18.3812
18.4057
18.4097
18.111
17.8206
18.1105
18.4797
18.447
18.0609
18.3682
17.646
18.3869
17.9099
18.1027
17.9648
18.4432
17.817
18.1392
18.2439
18.4184
18.0902
18.4293
18.0501
18.3161
18.272
17.9799
18.1157
18.4968
18.4803
18.4192
18.5018
17.9151
18.1556
18.1113
18.3984
18.4909
18.5482
18.1015
18.0982
18.6412
18.2287
18.2242
18.1341
18.5897
18.4251
18.3376
18.1981
18.2154
18.1938
18.105
18.213
17.6491
18.0629
18.0875
17.9979
18.0396
18.4214
18.3576
18.3892
18.1708
17.8254
17.8598
18.6307
18.1462
18.2489
18.2625
18.08
18.1147
18.0825
18.1884
18.1213
17.9227
18.1654
18.4086
17.971
18.1438
18.0647
17.6083
18.2629
17.9435
18.1825
18.213
17.8644
18.055
18.2537
18.3574
17.8628
17.7923
17.476
18.7412
18.0859
18.2158
18.0775
17.9025
17.8584
17.7535
18.2862
18.5659
18.0854
18.0783
18.0934
18.4946
17.8307
18.1029
17.7529
18.4987
18.4725
18.1908
18.0225
18.1286
18.7226
18.5407
18.5239
18.3245
18.254
18.4369
18.4544
18.5385
17.9297
18.4593
18.3043
18.1887
18.2316
18.3589
17.8329
18.3688
18.1441
18.1976
18.3638
17.9587
18.5578
18.5086
18.2055
17.9953
18.1846
18.4602
18.3238
18.0089
18.2466
18.7182
18.2661
18.2058
18.3453
18.445
18.0482
18.2416
18.3406
18.5549
18.5644
18.388
18.51
18.1947
17.9653
18.5413
18.2256
18.0876
18.1272
18.182
18.4283
18.2858
18.2724
18.3757
18.0915
18.6044
18.2893
18.1873
18.3622
18.2435
18.4167
18.358
17.9136
18.4782
18.1024
18.2862
18.2339
18.2871
18.0753
18.5266
18.1757
18.348
18.1621
18.2627
18.2041
18.4961
18.1557
18.4834
18.3137
18.064
18.155
18.3469
18.2903
18.0939
18.6012
18.3783
18.4017
18.065
18.4546
18.2763
17.9905
18.6782
18.2214
18.2402
18.1688
18.1187
18.0505
18.2288
18.3763
18.6721
18.086
17.8966
18.1855
18.6048
17.8382
18.6619
18.3984
18.0638
18.2623
18.4249
18.5309
18.4432
18.6906
18.2536
18.3056
17.9056
18.6128
18.3033
18.458
18.3487
18.0491
18.0488
18.3862
18.3343
18.0814
18.336
18.5111
18.0821
18.5899
18.3847
18.5868
18.0967
18.6102
18.5849
18.7984
18.0227
18.5549
18.0637
17.8167
17.8866
18.4474
18.1863
18.5326
18.6163
18.6595
18.2613
18.0558
18.2261
18.1287
18.3434
17.8836
18.1506
18.3151
17.8639
17.9975
17.933
18.338
18.3989
18.4139
18.2348
17.8929
18.2093
18.331
18.547
18.3555
18.3492
18.2316
18.2556
18.563
18.0217
18.424
18.6365
18.099
18.0576
18.4506
18.3197
18.002
18.063
18.1825
18.2446
18.2815
18.3861
17.935
18.2969
18.0469
18.1451
18.3605
17.952
18.4991
18.3351
17.9337
17.8147
18.3114
18.2082
18.1846
18.1969
17.7585
18.0582
18.4341
17.8762
17.6971
18.5059
18.2194
18.4319
18.0824
17.7616
17.8385
18.0241
18.2405
18.2999
18.4449
17.908
17.8209
17.9675
18.2368
18.3538
18.4118
17.9032
17.9131
18.0129
18.0856
18.1706
17.9806
17.7621
17.9481
18.0423
18.2664
18.027
17.9644
18.6174
18.1569
18.1644
17.9894
18.1583
17.9082
18.4674
18.1127
18.1159
18.1263
18.1818
18.1367
18.2128
18.1927
18.075
17.8168
17.9979
18.2478
17.9311
17.8766
18.1115
18.2576
18.0112
18.0818
17.6393
17.656
18.2152
18.1942
18.1012
18.3796
17.9023
18.3995
18.0292
18.058
18.1917
17.6893
18.2354
18.0103
18.3109
18.2602
17.6293
18.519
18.2668
18.5448
18.3032
18.4743
17.7535
18.1824
18.1931
18.2731
18.5352
18.2279
18.1776
17.8882
18.2087
18.3205
18.3225
18.1946
17.8302
18.3529
17.9676
18.0199
17.9584
18.2722
17.8633
18.2476
17.9193
17.983
18.5556
18.3621
18.5589
18.3662
18.4792
18.3164
18.0672
18.3764
18.3735
18.1174
18.7871
17.7478
17.9412
18.6232
18.5359
17.96
17.8651
18.0971
18.6058
18.5417
17.968
18.2183
18.0769
18.0292
18.2737
18.1485
18.344
18.3056
18.444
18.6093
18.4906
18.4811
18.2902
18.2294
18.5363
18.5301
18.4914
18.3423
18.3293
18.243
18.4259
18.1513
18.5339
18.3778
18.4265
18.1017
18.0237
17.9164
18.381
18.7141
18.4043
18.6789
17.9899
18.3648
17.8301
18.3238
18.7269
18.942
18.1855
18.4682
18.6915
18.3742
18.1222
18.3977
18.1445
18.5816
18.1593
18.6003
18.1801
18.1896
18.6247
18.8905
18.1957
18.2978
18.6156
17.986
18.2939
18.1014
18.2782
18.6023
18.1492
18.0265
18.3797
18.2494
18.3443
18.7228
18.2778
18.5711
18.5413
18.3386
18.7852
18.3177
18.6856
19.0272
18.5691
18.1067
18.69
18.7307
18.5842
18.2791
18.5505
18.1556
18.3514
18.3536
18.2238
18.2402
18.1838
17.9284
18.1696
18.632
18.537
18.5718
18.2688
18.0307
18.0177
18.5311
18.1145
17.9602
18.1466
18.2347
17.8738
18.0123
18.0325
18.4783
18.4508
18.1868
18.0804
18.0438
18.3711
18.5234
18.1649
18.1732
17.9414
18.1923
18.3122
17.7232
17.7731
18.1972
18.5403
17.7404
18.4931
18.0032
18.459
18.1679
18.1976
17.9166
18.3193
17.8875
18.1103
18.1753
18.0036
18.3141
18.1254
18.1961
18.0296
18.3072
18.8082
18.2531
18.3539
17.9729
18.2421
18.1915
18.2249
18.4292
18.3612
18.2671
18.1698
18.1197
18.5878
18.2662
18.2337
18.6283
18.6024
17.9993
18.2719
18.1458
18.3833
18.396
18.3722
18.3812
18.144
18.004
18.5212
18.2865
18.46
18.4727
18.5526
18.393
18.6483
18.7486
18.2432
18.2494
18.2348
18.4568
18.3801
18.6214
18.0739
18.2986
18.2959
18.9331
18.6642
18.5814
18.15
18.4746
18.4845
18.6703
18.785
18.4022
18.294
18.3242
18.1767
18.7942
18.3535
18.275
18.6791
18.4229
18.3104
18.367
18.2997
18.0939
18.2109
17.9166
18.3193
17.8705
18.4822
17.7838
18.151
18.1295
17.6752
17.8725
18.2804
18.0393
17.9741
17.8705
18.0926
18.7691
18.0595
18.5701
18.2724
17.9489
18.0176
17.7826
18.1666
18.3007
18.463
18.1972
17.9779
18.3502
18.0342
18.2262
18.3165
18.2076
18.5067
17.9662
17.8649
17.9606
18.6699
18.7258
18.1595
18.0718
18.0441
18.4091
18.4421
18.0875
17.9893
18.0582
18.1705
18.2431
18.3467
17.885
18.5005
18.254
18.0692
18.2257
17.9982
18.568
18.1306
17.8963
18.1674
18.162
18.2199
17.9937
18.2749
18.6916
18.344
18.4597
18.2687
18.1579
18.5331
18.2693
18.2293
18.3258
18.1643
18.3849
18.5272
18.5149
18.1248
18.5271
18.4319
18.3526
18.4547
17.9144
18.4976
18.4601
18.6795
18.157
18.217
18.2651
18.2859
18.0962
18.5319
17.9831
18.2387
18.2669
18.2068
18.3187
18.3159
17.9227
18.3774
18.159
18.5912
18.1905
18.1572
18.5536
18.2929
18.4212
18.1617
18.1563
18.083
18.3352
18.6834
18.0768
18.8437
18.5243
18.6548
18.2146
18.3852
18.0195
18.0583
18.6814
18.3972
18.7044
18.0822
18.4047
18.4046
18.2565
18.4096
18.0626
18.1249
18.1969
18.6362
18.516
18.0547
18.4912
18.4692
18.0718
18.3275
18.2114
18.6262
18.5342
18.8219
17.9389
18.5066
18.3367
18.0992
17.997
17.9509
18.4433
18.4948
18.3764
18.636
18.2718
18.0896
18.2831
18.3239
18.2766
18.4895
18.6815
18.5008
18.7451
18.6427
18.6301
18.4087
18.4839
18.2815
18.7379
18.1431
18.1443
18.4383
17.9203
17.8459
18.5232
18.5033
18.3657
18.58
18.5717
18.363
18.079
17.8966
18.4431
18.3679
18.3376
18.2865
18.4969
18.3961
18.2365
18.7547
18.1189
18.1953
18.0352
17.9087
18.4514
18.0841
18.6081
18.158
18.363
18.4078
18.1405
18.0803
18.3288
18.5395
18.1478
18.3079
18.1246
18.0691
18.0754
18.2365
18.1992
17.8022
18.3747
18.3474
18.1189
18.1341
18.28
18.1283
18.1641
18.2478
18.2146
18.0714
17.8785
18.2367
18.4837
18.4841
18.4799
18.2259
18.4508
18.3314
18.2242
18.062
18.4119
18.0956
17.788
18.1432
17.8992
18.4629
18.2399
18.1798
17.9849
18.0626
18.3258
18.3892
18.299
18.3726
18.2532
18.2576
17.9115
18.0455
18.4114
18.2431
18.4918
17.9912
17.8051
18.1997
18.8554
18.2989
18.5642
18.3022
17.7549
17.8698
18.5725
18.0673
18.1869
17.9613
18.5157
18.4865
18.1753
18.0563
18.2359
18.417
18.4271
18.3813
18.4518
18.3618
18.5056
18.2589
18.1288
18.5413
18.6436
18.5389
18.5903
18.4051
18.3147
18.1977
18.3953
18.4951
18.2721
18.4377
18.2667
18.4365
18.3225
17.943
18.2661
18.3082
18.1317
18.4059
18.5409
18.1294
17.8911
18.1608
17.908
18.2378
18.3411
18.0849
18.0955
17.8513
18.2482
18.4559
18.0963
18.318
18.164
18.3378
18.0414
18.1794
18.2348
18.0218
18.5451
18.2706
18.0394
18.3504
18.1867
18.4038
18.2291
18.1536
18.2135
18.6048
17.9331
17.9727
18.5822
18.7297
18.137
18.1363
18.1718
18.051
17.8345
18.1125
18.1154
18.2166
18.4608
17.7172
18.5361
18.3226
18.1039
18.4032
18.3783
18.5835
18.5633
18.441
18.522
18.191
18.3991
18.026
18.4883
18.1775
18.5313
18.7196
18.5804
18.483
18.3986
18.5531
17.9697
18.4308
18.141
17.9663
18.2639
18.0612
18.4619
18.8072
18.1749
18.3106
18.1086
18.401
18.4618
18.3372
18.9254
18.3158
18.4117
18.5579
18.908
18.3911
18.6535
18.3255
18.067
18.4394
18.1484
18.3192
18.4026
18.253
18.0803
17.7269
18.1001
17.7585
17.8937
18.1509
18.2176
17.8921
18.0881
17.8318
17.9998
18.1862
18.2113
18.0982
18.195
18.1588
18.1422
18.4901
18.053
18.0102
18.1213
17.9075
17.9159
17.8997
18.206
18.0823
17.8507
18.2054
18.1974
18.2727
17.9935
17.9766
17.5317
17.8626
17.9075
18.0848
18.0161
18.1931
18.2116
17.7382
17.9589
18.3007
18.3179
18.1833
18.2502
18.4527
18.0721
18.1951
17.8643
18.0861
18.3774
18.2255
18.2217
18.2218
18.28
18.2357
18.0934
17.8615
17.9887
18.5407
18.1567
18.2631
18.43
18.4876
18.0839
18.0382
18.0496
18.3519
18.2539
17.8476
18.0259
18.2489
18.0815
18.3001
18.3895
18.4362
18.1976
18.7153
18.5824
18.2761
17.8766
18.173
18.129
18.2868
18.2922
18.1979
17.7078
18.1962
18.1073
18.6153
17.7907
18.1061
18.1088
18.1355
18.1186
18.091
17.9912
17.8874
18.195
17.8077
17.5925
18.3197
18.0988
17.7502
18.2011
18.635
18.6434
18.1911
17.4171
18.2376
18.3345
18.1045
18.2227
18.05
18.3219
18.1976
18.3174
18.1369
17.7603
18.3558
18.2383
18.3249
17.8571
18.0284
18.1057
18.095
18.2096
18.3728
18.4446
18.3694
18.6333
17.7522
18.2612
18.4818
18.7664
18.3099
18.1463
18.5014
18.558
18.2366
18.3938
18.1686
18.3307
18.1977
18.1548
18.0503
18.1572
18.0721
18.4113
18.0994
17.9986
18.2744
18.2584
17.8188
17.9962
18.1515
18.4155
18.4782
18.5772
17.9982
18.6236
18.2079
18.0523
18.2155
18.0567
18.0156
18.4212
18.0662
18.1414
18.192
18.3489
17.9274
18.7009
18.0889
18.2943
17.9192
18.5368
18.3696
18.2537
18.7481
18.2861
17.9674
18.0412
18.3072
18.468
18.3781
18.1928
17.9982
18.2945
18.2298
18.347
18.4415
18.4636
18.0811
18.1269
18.3966
18.7628
18.1819
18.1891
17.9744
18.272
18.3599
18.8007
17.8823
18.1981
18.2847
18.0892
18.5157
18.6483
18.3148
18.0135
18.196
18.0748
18.0796
18.4025
17.7428
18.2667
17.9565
18.1854
18.3674
17.8598
18.0537
17.7997
18.286
17.7931
18.1747
17.9295
18.576
18.0816
17.951
18.0971
18.0539
18.2201
18.101
18.0915
17.9408
18.2824
18.6172
18.0386
18.4308
18.449
18.2159
17.827
18.1723
18.0165
18.2601
18.0585
18.5585
18.2977
18.3447
18.1662
18.355
17.882
18.2652
18.3601
17.9451
18.2654
18.4516
18.5055
18.4982
18.418
18.571
18.41
18.2704
18.2652
18.3702
18.016
18.5296
18.3806
18.4405
18.2539
18.7287
18.2793
18.47
18.7571
18.3081
18.4254
18.6364
18.4039
18.2438
18.2997
18.3291
18.1594
18.3512
18.3145
18.4177
17.9563
17.9855
18.4176
17.6715
17.977
18.1365
18.2701
18.2541
18.093
18.0679
18.1115
18.4772
18.247
18.4007
18.2197
17.7871
18.2384
17.6774
17.9048
18.3346
18.116
18.4641
18.0412
18.0652
18.6429
17.915
18.1118
17.9952
18.5224
18.2649
18.0436
18.0213
18.3274
18.3077
18.3825
18.2912
18.061
18.5607
18.1196
18.2965
18.1235
18.5822
17.7382
18.3403
18.4004
18.2419
18.7095
18.6804
18.46
18.3831
18.5671
18.307
18.7094
18.0518
18.1529
18.6629
18.1818
18.0087
18.1203
18.481
18.1588
18.4489
18.2884
18.4476
18.1047
17.8463
18.2927
18.1881
18.3897
18.5349
18.4697
18.2965
18.0957
17.9692
18.183
18.0717
18.2726
18.1944
18.4223
17.8462
18.5403
18.1593
18.1452
18.3106
18.4642
18.2267
17.8412
18.54
18.277
18.0022
18.2373
18.3032
18.3004
17.9121
17.8364
18.4113
18.033
18.4107
18.3587
18.3543
18.0411
17.941
17.6762
18.0287
18.1023
17.8861
18.4234
18.8947
18.1228
18.4744
18.477
18.4146
18.723
18.6549
18.5756
18.6828
18.1887
18.2384
18.5076
18.6058
18.6588
18.9506
18.2852
18.8405
18.5216
18.4954
18.8455
18.3364
18.4554
18.4492
18.5889
18.6023
18.3417
18.7507
18.3138
18.7054
18.4787
18.4275
18.5501
18.0386
18.5497
18.4081
18.0219
18.2843
18.0976
18.1137
17.7147
18.0404
18.3617
18.5478
18.1053
17.9213
17.9862
18.0703
18.2389
18.1598
17.9292
17.9872
17.9464
18.0377
18.101
18.3835
18.0553
17.9443
18.0107
18.2144
18.0724
17.8961
17.8626
17.8163
18.2663
18.0034
17.9781
18.3732
17.8216
18.2102
18.1876
18.2853
17.8423
17.9389
18.2766
18.4708
18.2691
18.3174
18.2666
18.1954
18.6562
18.1525
18.3438
18.0337
18.1989
18.0885
17.8532
18.1477
18.2351
18.5421
17.9495
18.0413
17.9793
18.1342
18.228
18.0133
18.0571
18.244
18.0773
18.3024
18.2716
18.6037
17.8463
18.1546
17.8665
18.5731
18.2452
18.2877
18.1841
18.014
18.1757
18.3738
18.2974
18.6251
18.692
18.3004
18.3331
17.9578
18.4941
18.5732
18.1112
18.382
18.4224
18.7723
18.5871
18.356
18.0953
18.4087
18.227
17.7308
18.188
18.2769
18.1133
18.4088
18.3554
18.1982
18.0314
18.5396
18.2028
18.1226
18.4718
18.3369
17.8853
18.5276
18.6006
18.1079
18.6554
17.9451
18.3143
18.6165
18.1202
18.9131
18.241
18.3019
17.991
18.027
17.8998
18.2354
18.3426
18.1303
17.7555
18.5101
18.3237
17.9888
18.3867
18.4383
18.5468
18.3194
18.0378
18.1058
18.1441
17.8417
18.4775
18.0995
18.5376
18.2403
18.1901
18.513
18.7468
18.3204
18.1591
18.3625
18.6494
18.3424
18.5233
18.3809
18.2601
17.809
18.1687
18.5977
18.1163
18.005
18.1047
18.4395
18.0877
18.2747
18.3807
18.2772
18.6297
18.4253
18.1587
18.2356
18.435
17.7168
18.3339
17.9713
18.4438
18.5499
18.1305
18.4658
18.2603
18.2434
18.0922
18.4525
17.9697
18.2634
18.1564
18.4383
18.0315
18.1484
18.3933
18.3009
18.1978
18.2789
18.0463
18.4619
17.7975
18.4208
18.4625
18.2957
17.9652
18.0575
18.4098
18.4224
18.4515
18.2938
18.472
17.998
18.4314
18.1048
17.9933
18.3847
17.7133
17.8963
18.0496
18.1654
18.6757
18.4342
18.3112
18.2803
18.3573
18.3007
17.9669
18.4044
18.5686
18.2058
18.3995
18.7355
18.3732
18.7023
18.5698
18.4779
18.3869
18.5654
18.0832
18.053
18.2965
18.2331
18.3793
18.7409
18.2671
18.2936
18.4121
18.3116
18.1561
17.9382
18.3384
18.0903
18.3197
18.4271
18.2639
18.0493
17.9907
18.133
18.3043
18.205
18.385
18.6532
18.4974
18.292
18.6082
18.3594
18.3329
18.2619
18.1039
18.1812
18.4652
18.2891
18.2558
18.0614
18.3557
18.5248
18.2295
18.4119
18.0318
18.1451
18.5233
18.8152
18.7613
18.5562
18.2583
17.9106
18.4049
18.3074
18.1367
17.769
18.0405
18.2408
18.5021
18.3911
18.6384
18.3339
18.1435
18.2795
18.1213
18.4056
18.3169
18.0868
18.1226
18.1917
18.2307
18.2418
18.0079
18.404
18.2852
18.3498
18.6105
17.7817
17.9502
18.7844
18.1306
18.2314
18.2602
18.2277
18.1553
18.54
17.9779
18.1217
18.4855
18.2436
18.4117
18.148
18.3605
18.4856
18.4255
18.436
18.2751
18.4863
18.1732
18.4212
18.2812
18.157
18.1421
18.1019
18.427
18.2387
18.5342
17.955
18.2964
18.3024
18.28
17.8031
18.5811
18.4053
18.3963
18.4772
18.2301
18.4137
18.4854
18.6525
18.0715
18.1114
18.3796
18.0659
18.0427
18.5027
18.008
18.134
18.3822
18.5448
18.0055
18.2789
18.366
18.3208
18.7872
18.6509
18.5449
18.1489
18.1025
18.3887
18.2947
18.3808
18.3679
18.0284
18.3416
18.425
18.3889
18.3823
18.3176
17.9461
18.313
18.0611
17.9965
18.436
18.0013
18.2508
18.177
18.1551
18.2578
18.0394
18.3513
18.4594
17.8315
18.1759
18.2432
18.3896
18.4128
18.4419
18.4907
18.2641
18.2146
18.4246
18.0422
18.764
18.7903
18.8269
18.2139
18.2688
17.9525
17.9923
18.1942
18.1942
18.3685
18.4042
18.3343
18.0785
18.6784
18.609
18.4191
18.5162
18.0014
18.3641
18.6361
18.5146
18.4663
18.2591
18.6499
18.4382
18.5247
18.5221
18.6781
18.2832
17.926
18.3082
18.5098
18.4215
18.275
18.4378
18.436
17.8262
18.7972
18.4054
18.3134
18.1023
18.1845
18.0236
18.2907
18.3536
18.5461
18.0634
18.493
18.0179
18.2863
18.3098
18.2924
18.0322
18.0491
18.2937
18.0067
17.8945
17.9375
18.1251
18.3231
18.6896
18.0934
18.3947
18.2174
18.2515
17.9999
18.1104
18.5486
18.2728
17.8909
17.9005
18.1583
18.4752
18.6031
18.4367
18.3752
18.1871
18.7808
18.4517
17.9876
18.2439
18.5243
18.3157
18.2306
18.3816
18.4388
18.6736
18.5791
18.2356
18.4538
18.4547
18.6153
18.4772
18.4384
18.0788
18.3177
18.4803
18.1232
18.1141
18.2191
18.8017
18.139
18.6232
18.005
18.5027
18.3108
18.499
18.4354
18.1192
18.4263
18.4739
18.1675
18.5294
18.3855
18.6421
18.1248
17.9289
18.1364
18.6948
17.939
17.7888
18.1788
17.9369
18.3555
18.1764
18.1492
18.4751
18.0243
18.4732
18.5926
18.7676
18.1457
18.0215
18.22
18.3775
18.6133
18.3516
18.1922
17.7506
18.2427
18.0508
18.1757
18.5706
18.0761
18.2575
18.2439
17.8608
18.3481
18.6132
18.2192
18.2672
18.4845
18.3545
18.2953
18.5263
18.0093
18.0414
18.4117
18.1411
18.0275
18.3494
18.4499
18.3618
18.3031
