2.92125
2.93963
3.08648
2.58763
3.21223
2.88828
2.90175
3.0549
2.6591
2.83524
2.64479
3.32373
2.94066
3.00578
2.55611
2.80649
2.88735
2.78322
2.91091
2.80621
2.8176
2.89315
2.24703
2.74664
2.70391
2.62635
2.75417
2.74721
2.75369
2.88364
2.70427
2.83643
2.65949
2.57098
3.11402
2.91888
3.25287
3.09403
2.93376
3.158
2.71208
3.17852
2.87334
2.81221
2.97156
3.08278
3.05307
2.87619
2.88053
3.15855
2.94219
2.69018
3.12486
2.9986
3.05357
3.12692
2.93313
3.06451
2.67897
3.21348
2.93157
2.7186
2.88697
2.73392
2.34579
3.15357
2.60996
2.99719
2.77362
3.15848
2.63214
2.71592
2.79686
2.74845
3.0909
2.75908
3.06901
3.06635
2.89273
2.96315
2.96817
2.97452
2.83807
2.77641
3.26857
3.21957
2.50855
2.97509
2.90755
2.74778
2.96968
2.74134
2.73834
3.0419
2.84554
2.52736
2.72246
3.06795
3.09252
2.6336
2.79274
2.696
3.19264
2.66809
3.10637
3.21321
3.22536
2.90015
2.82328
3.42323
2.82836
3.11255
2.87584
2.6813
2.35753
2.87466
2.96841
2.84138
2.91577
2.87477
3.07437
2.7461
2.77302
2.78622
2.96776
2.87479
2.55941
3.0626
3.262
3.21987
3.03196
3.1146
2.9642
3.24231
2.99914
3.0099
3.28428
3.16501
2.75529
3.03027
2.68596
2.86451
3.20983
2.81544
2.88558
3.01885
3.00285
3.0885
3.13355
3.0005
3.01209
3.18658
2.96482
3.06837
3.12741
3.0817
3.00194
3.08866
2.68749
2.81222
3.05536
2.80904
2.92839
2.91192
2.70094
2.97708
2.99433
2.43223
2.95771
2.78859
2.7316
2.8564
3.05128
2.78209
2.97067
2.77449
3.01435
2.8827
2.58413
2.85861
2.81769
3.1544
3.01263
2.88402
2.58537
2.72266
2.98249
2.98216
2.74328
3.07559
2.66337
3.02573
2.94742
2.64025
3.10983
2.82783
2.74365
2.68484
2.5511
2.96201
2.48609
2.49032
2.70219
2.27766
2.96544
2.62226
3.15737
2.57405
2.85517
2.65731
2.80548
2.5562
2.55151
2.66038
2.79944
2.68622
3.05607
2.46308
3.05354
2.90811
2.73548
2.87979
2.89689
3.02071
2.79442
2.8904
2.9164
2.75567
2.91276
2.43194
2.79535
2.95398
2.90882
2.64705
2.75855
2.82672
2.42714
2.63055
2.65596
3.09063
2.22734
2.48354
2.78546
2.96419
2.97194
3.00492
2.42447
2.83726
2.49463
2.8584
2.5346
3.26642
2.46298
2.53372
3.06524
2.18813
3.02935
2.61525
2.47746
2.4122
2.71972
2.57594
2.93966
2.96439
2.41349
2.90832
2.4736
2.55211
2.64083
2.78358
2.65625
2.86857
2.56403
2.82686
2.77169
2.44034
3.02016
2.67724
3.00647
2.93149
2.73935
2.97241
2.95964
2.53331
2.57647
2.35438
2.84906
2.99243
2.94161
2.62511
3.11441
2.89454
3.30782
2.84826
2.92404
2.72009
2.97898
3.03065
3.30496
3.19396
2.46651
2.78422
2.79259
3.28495
2.76901
2.7966
2.80273
2.75348
2.86082
3.10583
2.78913
2.93462
2.58004
2.59507
2.66187
2.73381
2.63329
2.72864
2.81813
2.83403
2.84675
2.58515
3.07737
2.93833
3.25057
3.27565
3.29393
3.00867
3.09949
2.92094
3.30372
2.70682
3.14077
2.79663
2.75921
2.94475
3.073
2.49458
2.96524
3.09514
3.13934
2.82217
3.17102
3.17879
3.30304
2.77441
2.81443
3.05476
2.71287
2.99086
3.15258
2.91414
2.84263
2.50649
2.705
2.90765
3.18621
2.95289
2.52211
2.95462
2.67213
2.97642
2.72903
3.05958
2.8062
2.85205
2.85451
3.12936
2.57165
2.75956
2.64233
2.69448
3.07243
2.81443
2.98431
2.76509
3.13537
2.92554
2.50302
2.83858
2.69116
3.17246
2.85751
2.65824
3.14668
2.79033
2.81266
2.86984
2.92204
3.14997
3.00605
2.90479
2.81257
2.92442
2.85017
2.94312
2.63956
2.88661
2.95151
2.94866
2.50568
2.55206
2.81848
2.76798
3.05654
2.71602
2.36407
2.70661
2.59399
2.94706
2.77335
2.90862
2.66963
2.7632
2.92249
2.79595
2.89146
2.98084
2.44062
2.92283
2.66445
2.62551
2.67319
2.47242
2.64821
3.06814
2.79261
2.74099
2.65381
2.76912
2.81976
2.89696
3.03586
2.77403
2.66123
3.02455
3.13608
2.50957
2.64839
2.82167
3.07093
2.50233
2.9807
2.70248
2.54004
3.18177
2.66519
3.25172
2.84152
2.87618
2.78595
3.34807
2.64433
3.10332
2.58269
2.7582
2.92076
2.72659
2.60985
2.8537
3.07045
2.85637
2.77924
3.02142
2.88476
3.2287
2.9076
2.84236
2.95765
2.88849
2.93999
2.70964
2.65823
2.80093
2.88921
2.64873
2.71393
3.05707
3.02345
2.81826
2.56537
2.22358
2.78579
2.86061
2.66052
3.31053
3.12923
3.21844
2.85207
2.78675
3.16401
2.91033
3.3625
3.05094
2.81965
2.63273
3.17172
2.87195
3.07815
2.86472
2.90407
2.77674
2.78069
2.97966
2.8468
2.99306
3.25491
3.14429
3.08694
3.11804
3.1664
3.04
2.81851
2.99601
3.03348
3.25249
2.97214
3.24746
3.02955
3.19901
3.46644
3.27304
2.81454
2.88264
3.26899
3.00466
2.83372
2.61048
3.03946
3.09326
3.01422
3.31864
3.20873
3.26404
3.54864
2.47197
2.64935
3.22351
3.28579
2.93716
2.75894
3.04226
2.80299
2.90053
2.98204
3.34158
2.94432
3.0949
2.90891
2.87152
3.4383
3.01049
3.34607
3.03155
2.98531
2.89705
3.27033
2.81005
3.25121
2.68475
2.79136
3.11363
2.9006
2.77788
2.62808
3.13761
3.365
2.94378
2.94117
2.69434
3.21422
2.75184
2.76393
2.88444
2.55683
2.90537
3.22035
2.75269
2.73225
2.69867
3.14113
2.78396
2.91619
2.85282
2.94562
2.82045
2.54091
2.80498
2.79259
2.65159
2.85245
2.95249
2.86988
2.99724
3.00103
2.81659
3.06244
2.96427
2.81688
2.98147
3.06009
2.88243
2.95526
3.23086
3.33216
3.30582
3.03518
2.81061
3.49885
3.22354
2.87749
3.28648
2.72216
2.5421
2.72365
3.20713
2.70484
3.21818
2.7645
2.86242
3.10953
2.8112
3.1115
2.89885
3.24151
2.9865
2.77408
2.95302
3.11421
3.20589
2.85939
2.71417
3.0849
3.0199
2.71457
2.915
2.59451
2.78296
2.78643
3.3777
3.34976
3.02832
2.72332
3.45716
2.80758
2.88406
2.95134
2.87258
2.9986
2.87756
2.69092
2.80525
2.83928
2.72532
2.97252
2.71877
3.1708
2.98721
2.91121
3.10375
2.72068
2.69588
2.73874
2.75156
3.01322
2.78608
2.83628
2.98022
3.14283
3.45272
3.12632
2.65978
2.70517
2.62656
2.71999
2.86372
2.85427
2.81789
2.5704
2.81504
2.74652
2.85543
2.58916
3.1263
2.84818
2.8707
3.31142
2.65032
2.85197
2.70218
2.96423
2.98312
2.97093
2.81471
2.80006
2.95923
3.15264
3.35111
3.11322
2.54823
2.83495
3.23669
2.85656
2.82344
3.0086
2.83097
2.89393
3.30157
2.48897
3.18173
2.86071
2.62965
2.79828
2.59551
2.89414
2.72578
2.9212
2.45377
3.15303
2.57032
2.96852
3.15125
2.77581
2.68918
3.17629
2.78452
2.92043
2.63548
2.74994
2.65644
3.11672
3.00077
3.02463
2.79653
2.84514
3.06601
2.89929
3.0457
3.07447
2.76674
2.70417
2.85733
3.07474
3.12285
2.67764
3.03028
3.20975
2.94569
2.71814
2.86589
3.30155
3.05021
2.94304
2.94062
2.26876
2.83707
3.05365
2.87363
2.89149
2.68431
3.04102
2.66452
3.0577
3.02938
3.11831
3.11717
2.77144
2.98591
2.82362
2.82985
2.93566
2.94395
2.77565
2.63359
2.94589
3.12326
3.15525
3.31642
2.8166
3.0878
2.70915
3.22356
2.7919
3.07644
2.7931
2.78737
3.08475
3.07162
3.26896
2.57481
2.76147
2.83883
3.23163
3.17254
2.79599
3.29047
3.47043
3.03338
3.34128
2.78751
2.51069
2.67943
2.91656
2.8073
3.15057
3.42185
3.42324
3.41307
2.89663
2.75926
2.93983
2.92101
2.97709
2.72153
3.13135
3.11731
2.622
3.19091
3.04682
2.90312
2.52768
3.26314
3.0645
3.32655
2.93792
2.64095
3.15679
3.15705
3.36648
3.36942
3.29886
3.04393
3.14927
3.07407
3.18192
3.07009
2.79969
2.83798
3.18327
2.93372
3.41804
2.92225
2.80315
2.77148
3.0251
2.4433
3.27821
3.08104
3.17941
3.42074
2.97136
3.24327
3.01615
3.02625
2.34447
3.08491
2.89242
3.24513
2.45939
2.98433
2.87646
2.95325
2.78458
2.31221
2.58086
3.20087
2.75429
3.12656
2.62857
3.23214
3.08085
2.69502
2.74884
2.62462
3.2795
2.8883
3.06705
3.0529
2.81235
3.08506
2.56942
2.99575
3.30153
2.80535
2.68006
3.02583
2.97108
2.607
2.93017
2.81551
3.12841
2.39151
2.5131
2.57434
2.84692
2.91442
2.73063
2.61172
3.08444
2.81581
2.85528
2.62017
3.18149
3.2737
2.59432
3.06098
2.5662
2.76075
2.92382
2.77928
2.61906
2.77371
2.6151
3.04249
2.48341
2.90034
3.12346
2.82803
2.90938
2.47841
2.85254
2.53371
2.9492
2.77742
3.19071
2.56665
2.83523
2.92005
2.6766
2.62577
2.98048
2.96393
2.89625
3.23346
2.93558
2.46863
2.77668
2.98578
2.77418
2.64643
2.86889
3.09144
2.91629
2.99879
2.88023
2.89429
3.02044
3.29135
2.68296
2.99807
2.69722
2.85815
2.78821
3.22285
2.96886
2.93513
2.69215
2.81789
2.89692
2.71213
2.86657
2.64989
2.81053
2.64487
2.59929
2.62883
2.91911
3.23248
2.91548
2.97214
3.24791
2.98733
3.12751
2.60316
3.01282
2.92906
3.3807
3.02474
2.59599
3.12557
2.97807
2.80657
2.72478
2.76154
3.33635
2.8199
2.98488
2.93054
3.08808
2.67107
2.73321
2.74927
2.79849
2.54838
2.91378
2.65687
2.73237
2.29869
3.08418
2.9543
3.1916
3.05516
2.85119
2.80968
2.82898
2.81377
2.81323
3.28719
2.96142
2.99961
2.79879
3.25734
2.66664
2.84829
2.64482
2.77644
2.82895
2.95128
2.6447
2.91543
2.98546
2.88612
2.76376
2.66812
2.54265
2.92277
2.70572
2.5663
2.85339
2.86431
2.62346
3.04415
2.69707
2.89682
2.99375
3.15549
3.05557
2.79707
2.37614
2.83038
3.03244
2.60934
2.6222
2.66702
3.16815
2.47108
3.21064
2.92669
2.64536
2.56647
2.61413
3.04047
2.50217
3.00181
2.89219
2.69333
2.71869
2.78892
3.00664
2.63354
2.72242
2.50317
2.80322
2.95769
3.01254
3.06485
2.69111
2.72036
3.23356
2.89705
2.57522
3.08794
3.17399
2.83319
3.04572
2.75672
3.11252
2.80809
2.7107
2.80728
2.97972
2.7571
2.86393
2.93844
2.75828
2.51974
2.70355
2.38087
3.11584
2.78851
3.24873
2.77191
2.48097
2.64569
2.82441
2.92691
2.87777
2.43495
2.82989
3.23376
2.75805
2.52085
2.95235
2.41381
2.9005
2.96463
3.21639
3.19991
2.92011
2.59679
2.48853
2.66454
2.5648
3.04872
2.73458
2.90064
3.05696
2.61694
2.63585
2.71072
3.13422
2.994
3.51745
2.41855
2.91758
2.90062
3.11673
2.89749
3.13978
2.9559
2.86849
3.1442
2.74747
2.84078
2.72721
3.09076
3.01664
2.45849
3.14301
2.78014
2.89972
2.98499
3.16488
2.9873
3.0073
3.04705
2.71963
2.84359
2.90131
3.00772
3.01675
2.98357
3.4244
2.1029
2.54087
2.99216
2.70166
2.98525
2.61616
3.35875
2.98962
3.37398
2.99078
3.13564
2.96961
2.60901
2.72676
2.89405
2.96244
2.41591
3.25497
2.78258
2.7038
2.76276
3.01829
3.21476
3.64298
3.3161
3.17037
2.9207
3.28831
3.12306
3.21553
3.13338
2.89528
2.73353
3.00002
3.18602
3.02058
2.88432
3.22331
2.69639
2.89449
3.01397
2.72005
3.2457
3.05677
2.67767
3.18813
2.42592
3.30967
3.03233
3.24281
3.00389
2.70961
2.89488
2.89489
3.19303
2.86976
2.82346
3.02403
2.91684
2.3734
2.1937
2.82845
3.27626
2.88991
3.2348
2.83778
3.06639
3.3601
2.99519
2.92944
3.16657
2.80837
2.66396
3.13253
3.43168
3.26547
2.84225
2.67027
3.0452
3.1697
3.12592
2.8199
3.18478
2.99875
2.64949
2.97483
3.03312
3.15695
2.59704
2.65355
2.93088
3.26604
2.96949
2.64416
2.88187
2.74486
2.98412
2.88463
2.99756
3.24066
3.10386
3.04998
3.31676
2.52436
2.57035
3.30999
2.859
2.83287
2.73613
2.48056
3.09893
2.80936
2.3536
3.00444
3.01738
2.75173
2.79142
2.88964
2.43597
2.72042
2.81353
3.1773
2.85096
2.80791
2.7274
2.49463
2.83796
3.13879
2.70163
2.76398
3.15069
2.73091
2.80452
2.38377
3.27157
3.0385
2.65317
2.98191
3.09884
2.93301
2.88176
2.78517
2.87275
2.87057
2.93422
2.62801
2.82335
3.05683
3.10631
2.9758
2.70786
2.73794
2.86552
3.29171
2.80858
3.17445
3.00823
2.39202
3.12046
3.1854
3.54546
2.64631
3.31749
2.86019
3.06965
2.53681
2.81429
2.48098
2.79966
2.76396
2.93413
2.33881
2.66065
2.86847
2.76113
2.78217
2.60857
3.34225
2.94024
2.91828
3.11908
2.94852
2.57462
3.03853
2.9418
2.74298
2.62418
2.73699
3.10938
2.70628
2.65095
2.75839
2.88525
3.42178
3.15921
3.17484
2.86362
2.5336
3.11171
2.86966
3.0315
3.16011
2.88048
2.52162
2.52757
2.89949
2.58506
2.66171
3.00712
2.77038
3.00681
3.02939
2.43617
3.18118
2.86353
2.8875
2.78893
2.37123
3.215
2.59616
2.83618
2.97078
2.96509
3.05128
2.84717
2.92159
2.66267
2.44797
2.69003
2.63374
2.56091
2.86485
2.89026
2.57642
2.44953
2.62156
2.72236
2.91715
2.98277
2.68624
2.74662
2.95109
2.89476
2.70854
2.89999
2.95891
2.96868
3.05697
3.11652
3.14468
2.915
2.8042
2.81562
2.85843
2.68232
2.5764
3.15485
2.82897
3.14648
2.75547
2.73711
3.04151
3.13225
2.95552
2.86068
2.85217
3.02032
2.56418
3.06693
2.61767
2.65384
2.90408
2.65009
3.06764
2.70278
2.76435
2.84695
3.01887
2.96299
2.42585
3.19054
2.87671
3.31388
3.06189
2.71264
2.73687
2.6539
2.91141
2.44386
2.92186
2.56063
3.10041
2.55436
3.17296
2.86025
2.88316
2.92218
2.56484
2.83205
2.71335
2.6572
2.75885
2.85969
2.73081
2.45768
2.86327
2.41758
2.54327
3.08194
3.22527
2.8054
2.44961
2.93247
2.67773
2.77027
2.82397
2.52615
2.73045
3.00152
2.75053
2.7323
2.71925
2.71201
2.5121
2.64118
3.07099
2.66957
2.58747
2.56026
2.68544
3.0255
2.66467
2.96805
3.02209
2.73958
2.70933
2.9017
2.67306
2.7815
3.02965
3.02364
2.8504
2.79571
2.69012
2.87626
2.72704
3.05264
2.67757
3.0722
2.9985
2.32693
2.87563
2.886
2.80627
2.66471
2.68692
2.58843
2.40666
2.77413
2.32436
3.18554
2.65173
3.04846
2.55085
2.60281
3.02686
2.82062
2.80887
2.80091
2.30723
2.81113
2.9044
2.60512
2.55355
2.98991
2.44823
2.97706
2.52436
3.00315
2.45313
2.62319
2.74513
2.4989
2.43674
2.51713
2.43813
2.77633
2.49513
2.53256
2.31413
2.56445
2.80524
2.85272
2.41703
2.7629
2.62391
2.58877
2.79509
2.67848
2.90112
2.66075
3.06806
2.3968
2.55661
2.56588
2.28557
2.7186
2.78175
2.81417
2.99385
2.37761
2.5213
2.94494
3.25763
2.90579
3.13301
3.01489
2.44049
2.52728
2.84032
2.51491
2.77262
2.42128
2.55225
2.93162
2.71113
2.63384
2.66764
2.92212
2.51542
2.92261
2.63333
2.55599
2.82794
2.60877
3.00237
2.73812
2.38454
2.56435
2.98221
2.68522
2.76296
2.36219
2.4621
2.50477
2.81344
2.66212
2.9948
2.62798
2.52625
2.55759
2.72612
2.64855
2.52807
2.8634
2.72466
2.4676
2.39757
2.54095
2.79217
2.82833
2.83414
2.38481
2.38472
2.86508
2.74867
2.7744
2.50322
2.90432
2.5292
2.63019
2.84719
2.59127
2.83978
2.75488
2.32482
2.90083
2.77593
2.58986
2.86914
2.7556
2.4673
2.75824
2.84553
2.5629
2.73611
2.5095
2.64041
2.99827
3.08253
3.09694
2.89059
2.72404
2.84171
2.98733
3.10891
2.66818
2.98943
2.85411
2.78943
3.04001
2.36045
2.68104
2.46362
2.30414
2.4364
2.75751
2.84064
3.03204
2.92946
2.96204
2.71573
3.01065
2.65081
2.91629
3.06953
2.7224
2.95606
2.31923
2.63094
2.91797
3.00962
2.64894
2.80713
2.72468
3.03503
2.58133
2.40839
2.74285
2.84556
3.28352
2.81229
2.94656
2.49345
2.56173
2.49375
3.23802
2.62456
2.92832
2.56262
2.67493
2.20425
2.90474
2.65761
2.71349
2.82634
2.65385
2.2258
2.69028
3.04757
2.93721
2.55249
2.70329
2.68677
2.85959
2.94484
2.68641
3.45145
3.09301
3.20927
2.78024
2.93299
3.1048
2.9954
2.93565
2.72187
3.07067
2.74397
3.1327
3.11961
3.2123
2.57122
3.0786
2.90937
3.02846
3.13097
2.56837
2.58379
2.95156
2.89323
2.75896
2.71741
3.37893
2.88049
2.78613
2.84415
3.05911
3.37902
3.11573
2.94078
3.17161
3.22297
2.99845
2.83426
2.79361
3.06941
2.94218
3.03779
3.03481
2.9048
2.89095
2.91828
2.66051
2.7922
2.6295
3.12387
2.64483
2.84626
3.27516
2.9201
2.86472
2.77366
2.82375
2.56495
3.2408
2.85855
2.78502
2.76535
2.63265
3.1115
2.9737
3.00246
3.11166
2.90484
2.75899
2.85111
2.74087
2.8231
3.25651
3.05498
2.62165
3.08312
2.90358
2.80061
3.07787
2.82089
2.55301
2.89381
2.89484
2.83944
2.6963
3.13822
2.59662
2.46055
2.84244
2.89935
2.89417
2.80685
2.98581
3.10176
2.88816
2.85009
2.84388
2.96105
2.95651
3.03984
2.89482
2.76919
2.97028
2.87818
2.48129
2.80833
3.12988
2.67667
2.77546
2.95453
2.90451
3.00057
3.01027
3.03253
3.10812
3.1594
2.77995
2.85019
3.01357
2.89985
2.73874
2.86681
2.81668
2.76009
2.73594
3.04941
3.06239
2.91627
2.94059
3.14092
2.70643
3.08748
2.55924
3.21849
2.53886
2.95746
3.01297
2.97187
3.00778
2.96537
2.66492
2.91731
2.83814
2.93767
3.04759
2.98282
2.91134
2.68128
2.77666
2.93613
2.65656
3.01317
3.07742
3.03528
2.70315
2.71223
2.92659
2.88973
3.17706
3.06195
3.06871
2.75606
2.77583
3.21776
2.77589
2.73275
2.99486
3.03777
3.0116
2.97028
2.70627
2.71579
2.8626
2.46624
3.26729
2.99432
2.89611
2.68222
2.97368
3.09211
2.76871
3.00085
2.64086
2.75725
2.86406
3.17417
2.79877
3.13145
2.70094
3.08529
2.79614
2.77766
2.84678
2.88646
2.57115
2.7321
3.05943
3.04044
3.09927
2.68672
2.69242
2.88375
3.08411
2.72119
2.78466
2.64389
2.96013
2.62396
2.81507
2.71465
2.51421
2.72636
2.97232
2.90816
2.29745
2.81031
2.52457
3.06387
2.86641
2.688
2.56044
2.94276
2.32747
2.82749
2.8201
2.82293
2.7821
2.66527
2.9686
2.54495
3.29328
2.99374
2.70126
2.40375
2.24643
2.74041
2.86366
2.89333
3.05095
2.77758
3.00177
2.64645
2.92626
3.23985
2.77122
2.68011
3.19327
3.28858
3.03298
3.1768
3.03061
3.24687
3.03606
3.0709
2.98927
3.36923
2.73536
2.98816
2.77415
2.85484
2.84182
3.04872
3.08932
2.91712
2.49694
3.01575
3.1844
3.17902
3.17231
3.26573
3.06972
2.75895
2.93531
2.68973
2.84605
3.04848
2.7884
2.8916
3.23348
3.27373
2.60337
3.33789
2.94873
3.03612
2.72177
3.1907
3.3739
3.22201
3.12962
2.77984
2.9218
3.14548
2.94513
2.62861
2.98695
2.94012
2.55579
3.01815
2.77195
2.7413
2.74068
2.49182
2.8311
2.9016
2.8661
2.85632
3.03749
3.04374
2.42882
2.83632
2.83137
2.45596
3.06049
2.66623
2.92061
2.92316
2.67126
2.40939
2.95614
2.31789
2.80378
2.48986
2.32639
2.86849
2.88333
2.60745
2.90972
3.02444
3.14502
2.8853
2.47523
2.99491
2.79172
2.81963
2.96274
2.58018
2.82939
2.8507
2.80573
2.83941
2.92954
3.01731
2.73097
3.02923
2.82403
3.01571
2.89075
2.42976
2.64325
2.90558
2.87269
3.00713
3.02913
2.61264
2.63614
2.30085
2.53797
2.9638
2.66223
2.8729
3.15555
2.49515
2.49569
2.48077
2.50122
2.63233
2.49197
2.57554
2.95327
2.87459
2.60472
2.46245
2.87597
2.75051
2.74342
2.95155
2.95808
3.03587
2.62099
2.90565
2.56259
2.73077
2.67416
2.76947
2.54671
3.01351
2.32363
2.81534
2.61966
3.24918
2.96202
2.95537
2.82041
2.91097
3.01444
2.62789
2.95766
2.9272
3.28834
2.9767
3.14202
3.24158
3.1277
3.28603
3.22637
3.23154
3.15489
2.87767
3.008
2.90743
2.62129
2.92831
2.88253
2.59884
2.96379
3.1384
3.32245
3.15954
3.21669
3.17531
3.49774
3.18522
3.16021
3.13387
2.4683
2.86823
2.6874
2.8726
3.17358
2.85036
3.08138
2.83542
3.09172
2.93786
3.07849
2.83561
2.92435
3.22059
2.91637
3.31537
2.77802
2.86654
2.8136
2.9136
2.78049
3.29765
2.70614
3.22492
2.95395
3.09362
2.8806
3.17627
3.26899
2.72223
2.82711
3.154
3.08621
3.14928
2.63428
2.93976
3.01163
2.83753
2.7212
2.84898
2.73347
3.08102
3.04798
3.08583
2.67838
2.44564
3.11923
2.79281
2.95619
2.89436
3.02788
3.0909
3.35587
3.07635
3.56283
2.91732
3.24471
2.80998
3.37064
3.3106
2.5001
3.11083
3.23777
2.92168
2.82002
2.99401
3.47864
3.3369
3.51619
3.03919
2.78867
2.80484
3.01461
3.22604
3.03613
2.98973
3.11196
2.73749
2.78133
2.91795
2.73778
2.75965
3.4159
3.3469
3.08781
3.0438
2.90866
2.75941
3.25091
3.19811
3.23528
3.10987
2.88731
2.99909
2.93647
3.2653
2.87159
2.8916
3.31169
2.90481
2.92989
3.17517
3.26706
2.9836
2.60448
2.9084
2.52249
3.31102
3.01696
2.65191
3.52183
2.99316
2.89319
3.17103
2.95761
2.53223
3.01824
2.39567
2.53859
2.9126
2.5921
2.94624
2.98018
3.03696
2.69607
3.35267
3.29445
2.94201
3.14214
3.42462
2.57191
2.94364
2.7984
2.59802
2.83182
2.77728
2.60116
2.80813
2.78404
2.70721
2.78349
3.15792
2.99008
3.26531
2.97578
2.41932
2.67514
3.17862
2.91223
3.02651
2.78079
2.59493
2.92039
2.68977
2.43001
2.42647
2.77419
2.94137
2.86764
2.85983
2.96402
2.47867
3.14517
2.44521
2.66688
2.80751
3.3929
2.96192
2.63072
2.67212
2.44753
2.91159
2.8017
2.90626
3.05236
2.79464
2.52102
2.78148
2.89697
2.82173
2.58972
2.94207
2.56325
2.66063
2.58614
2.42159
3.1116
2.75396
3.02968
2.722
3.01652
2.50303
2.90812
2.76811
2.76034
2.67794
2.72314
2.84442
2.64728
2.80474
2.56645
2.87278
2.8727
2.8031
2.58261
2.45343
2.67044
2.97818
2.50935
2.6964
2.77525
3.13684
2.84547
3.0398
2.98236
2.97283
2.40116
2.66167
2.94902
2.81263
2.51077
2.97295
2.54341
2.81988
2.61338
2.94618
2.81555
2.9151
2.92799
3.12373
2.53757
2.71816
2.72824
2.74704
2.7984
2.67199
2.77472
2.67528
2.82824
2.76058
2.81613
2.56776
2.97065
2.15788
3.07956
3.15064
2.95895
2.6304
2.52935
2.69418
2.65641
2.57043
3.1224
2.94176
2.82903
2.52516
3.03618
2.73276
2.66858
2.97591
2.90475
2.78887
2.59951
2.48571
2.67474
2.8953
2.87325
2.78755
3.24801
2.86977
3.00372
2.74294
3.1776
2.80885
2.93234
3.08207
2.20378
2.89838
2.70419
2.60001
2.70313
2.72799
3.12699
2.96855
3.26688
3.07114
3.25373
2.79979
2.49613
2.63161
3.31219
2.79204
2.63065
3.09287
2.68446
2.80434
2.56101
2.90288
2.5945
3.03621
2.63284
3.08108
2.74434
2.95188
2.56677
2.9397
2.62918
2.77485
2.71902
3.1606
3.1374
2.78184
2.6576
2.97423
2.71834
2.83376
2.85604
3.04222
3.16724
2.35251
2.82908
3.10731
2.49139
3.09267
3.09069
2.74086
2.8704
2.72211
2.67392
2.98084
3.28733
2.68223
3.03199
2.75067
3.10759
3.01855
2.95534
2.71356
3.17863
3.21287
3.24624
3.25856
3.04501
2.54367
3.56672
3.27121
2.74015
2.99591
2.91172
2.81938
2.79931
2.71793
2.91546
3.15177
3.44444
2.65615
3.14524
3.01576
2.84902
2.82444
3.07859
2.95288
3.13309
2.53203
2.66419
2.94257
2.9367
2.70051
2.69964
3.05863
2.7558
3.1081
2.55488
2.69946
2.92799
2.8736
2.98266
2.93363
2.86243
2.70565
2.87909
2.7841
2.63513
2.55334
2.91137
2.97918
2.77876
3.0455
3.03011
2.66784
2.67464
3.03311
2.7143
2.71362
3.02311
2.42391
3.12751
2.92413
2.41439
3.04298
2.68135
2.67175
2.95782
2.79758
3.1153
2.36257
2.83802
3.16744
2.84113
2.82983
2.35045
2.82827
2.85079
2.92052
2.95661
2.399
2.95322
2.7288
2.58743
2.83746
2.76379
3.3692
2.96594
2.78575
3.06254
3.22954
2.37798
2.73021
2.71648
2.75004
2.74075
2.71938
2.6689
2.92084
3.06892
2.80504
2.57416
3.06286
2.65047
3.29717
2.76536
2.32352
2.85831
2.90506
2.84372
2.71586
2.36392
2.64075
2.88645
2.86098
2.66175
2.59278
2.80907
2.72421
2.43089
2.98837
2.70831
2.94952
2.48209
2.92703
2.44459
2.44443
3.05785
2.76054
2.99825
2.75263
2.58214
2.68938
2.92097
2.9974
2.77875
2.86265
3.22
3.0282
3.18052
3.3143
3.06773
3.25647
2.86505
3.25582
2.52229
3.42677
3.08251
2.43868
3.10834
3.05096
2.89879
3.22509
3.07473
3.4912
3.22689
3.08359
3.01698
3.13988
3.03731
2.69205
2.78669
2.97976
2.91627
3.36274
2.99801
2.81326
2.8973
2.85362
2.9328
2.80074
2.97337
2.71019
3.20451
2.7477
2.84837
2.65454
2.86458
2.98679
2.89511
2.68634
3.43871
3.1926
2.77627
2.80645
2.76939
2.75354
2.9775
2.64651
3.14006
3.20362
3.07608
2.75328
3.10656
3.01303
2.97102
3.31452
2.83373
3.22039
2.76395
3.06676
2.59271
2.79043
2.87609
2.81315
2.57684
2.98702
3.60571
3.39187
3.42969
3.16231
3.00125
2.88212
2.95007
3.24855
2.68069
3.2131
3.0505
3.2268
3.31319
3.07256
3.45533
3.43988
2.91477
3.37505
2.50493
2.6668
2.56836
3.13542
3.02587
2.96401
3.11534
2.66455
3.14053
2.95047
2.87736
3.17091
2.98727
2.85264
3.00358
3.17576
2.7872
3.30364
2.51246
2.88773
2.81605
3.09346
2.74578
2.87524
3.17938
2.56289
3.03176
2.76021
2.97946
2.8687
3.11145
2.81953
3.00053
2.76852
2.76807
2.76241
2.53308
2.73857
3.18189
3.20005
2.87334
2.81961
2.5767
3.29624
3.40247
2.68656
3.26558
2.82802
3.28485
3.13708
3.00844
3.26121
3.26974
3.28935
3.1704
2.95947
3.25389
3.00455
3.06294
2.7609
2.86957
3.3871
3.05621
3.33473
3.01504
3.05276
2.90038
3.16121
2.61771
3.24754
2.66097
3.12838
3.07297
2.53562
3.38023
2.97857
2.71993
2.78708
2.97114
2.8948
3.23714
2.86171
3.06211
3.11451
2.89114
2.60199
2.5137
3.07211
3.0869
2.93825
2.79672
3.14501
3.26089
2.70873
3.19958
2.99286
3.48345
3.19336
3.14922
3.03056
2.98389
3.00089
2.98107
3.00855
2.63045
3.02355
3.02604
2.86235
2.74129
3.16346
3.15119
3.19061
2.96077
2.87123
3.05015
3.2757
2.71783
2.87412
3.11558
2.9016
3.0988
2.50708
2.96059
2.79728
2.93642
2.94547
2.94984
3.22569
2.89597
2.88053
3.02826
2.92175
2.89912
2.689
2.49722
3.10794
3.0895
2.94284
2.78743
2.74397
2.94497
2.99102
2.68691
3.19356
2.81533
3.35471
2.96023
2.73929
2.91944
2.86622
2.90255
3.3002
3.00499
2.48087
3.02333
3.22704
2.86541
2.663
2.94783
2.74016
2.82473
2.96056
2.95506
2.84677
2.48751
3.24369
2.57559
2.74062
3.03296
2.94464
3.12394
3.08158
2.97558
2.64495
2.7531
3.00493
2.28122
2.96754
2.63188
3.0166
2.81938
3.00667
3.22799
2.65297
3.20114
2.90025
3.22622
2.68528
2.84824
2.70345
2.89505
2.81379
2.72968
2.77101
2.29907
2.9883
2.71044
2.25747
2.93354
2.94382
2.7584
3.13532
2.24676
2.79864
2.9556
2.7427
2.84465
2.47275
2.76813
3.00622
3.14874
2.80114
3.01964
2.88504
2.55362
2.54469
2.97328
2.93581
2.61131
2.88567
3.16804
2.68986
2.59058
3.06478
2.93296
2.84974
2.65482
2.68592
3.03489
2.9452
2.54859
2.41129
2.28123
3.3322
2.87898
2.71715
2.69543
2.67738
2.80141
2.92126
2.82654
3.02321
2.77731
2.8804
2.99567
3.26036
3.15954
2.91843
2.96661
3.03369
2.95872
2.97629
2.72497
3.08657
3.28078
2.98347
2.66843
2.66637
3.42156
3.51851
2.82215
2.91676
2.98403
3.02265
3.28508
2.98804
3.23877
2.84002
3.01441
2.93026
3.42447
2.95851
3.25678
3.11621
3.16
3.02988
3.16676
3.10346
2.98697
3.50683
3.17306
3.06594
3.23338
3.15231
3.20327
3.36451
3.16434
3.31667
3.13298
3.14348
2.98131
2.98765
3.28165
3.38903
2.75093
3.26903
3.027
3.31883
3.20054
3.30584
3.2344
2.69229
3.12772
3.19527
2.94456
2.6063
3.13163
3.17062
3.19106
2.84736
2.64329
3.33763
3.21447
2.90299
2.82649
2.87069
3.26668
2.83363
3.24439
2.96746
3.32235
3.31871
2.71306
3.02282
3.31303
2.68969
2.90809
3.06624
2.82441
2.65341
3.21078
2.71513
3.33531
3.28104
3.46427
3.02816
2.59564
3.005
3.18288
3.09441
3.22553
3.05861
2.77746
3.21429
3.23469
3.28412
3.0912
3.05456
2.90022
2.99242
3.10541
2.71872
2.97574
3.24637
2.81874
2.91272
2.50365
3.15125
3.18872
3.06856
2.96191
2.7896
2.87116
2.68039
2.83852
2.97998
3.03527
2.95198
2.96685
2.98449
2.96026
2.85505
2.58778
2.81031
2.95194
2.47061
2.74071
2.89073
2.88462
2.84744
2.85882
3.09553
3.04109
2.76134
2.7115
2.899
2.79635
2.97962
3.11342
3.26035
2.92623
2.93956
2.9763
3.12561
3.05362
3.15636
2.82248
2.887
3.18238
2.68927
2.76197
2.92603
3.06698
3.10216
2.75569
3.30785
2.62868
3.19353
2.7722
2.6178
3.32793
3.07428
2.74819
3.27756
2.92087
2.8879
3.52183
2.67256
3.15963
3.05008
2.9778
2.82087
2.92523
2.94915
2.80616
2.93379
3.10765
2.86182
3.19653
2.98903
2.99788
2.68917
2.79678
3.10056
2.94989
2.37697
2.98236
3.31693
3.0252
2.86348
2.90129
3.05446
2.47855
2.72563
2.67492
3.06149
2.57496
3.0499
2.8887
2.6184
2.8387
3.17986
2.77824
3.28636
2.91273
3.08174
2.60337
2.73902
2.76836
2.98301
2.99143
2.92518
2.83653
2.23179
3.11361
2.98417
3.17957
2.79771
2.79993
2.79737
2.89318
2.57259
3.23937
2.80633
2.56176
3.17363
2.75944
2.48344
3.13092
3.31523
2.94137
2.9698
2.70161
2.67576
2.64286
2.94646
2.85816
2.98474
3.13548
2.8409
2.73613
3.25897
3.09683
3.01643
2.59658
3.02004
3.26166
3.1477
2.78175
2.979
3.06667
2.79797
2.71683
2.97339
2.90793
2.66565
2.62659
2.97092
2.67182
2.80927
2.89653
3.19007
3.16895
3.14234
3.0242
3.29761
2.71859
3.08391
2.82798
2.57737
2.98338
2.88872
2.80381
2.77629
2.61811
2.83642
3.1277
2.76352
3.10002
3.297
3.14902
2.61399
3.18401
3.21984
2.97826
2.91174
2.74886
2.90005
3.06211
2.8629
2.68047
3.12574
3.04481
3.11216
3.14048
2.80953
3.09431
3.07641
2.4292
3.18006
3.01607
2.9907
3.27334
2.43487
3.09951
3.26203
3.2169
3.17239
2.77248
3.03288
2.90361
3.11804
2.96029
2.70138
3.20119
3.12795
2.67959
3.00037
2.67816
2.76522
2.90358
2.87793
3.12485
2.9607
2.76718
2.98412
2.76413
2.77815
2.67407
2.74061
2.7928
2.82728
3.05343
2.81272
2.75077
2.71023
2.91442
2.50807
3.15155
2.74625
2.81206
2.81224
2.83157
3.20077
2.78528
2.93789
3.29195
2.55421
2.95299
2.98893
2.73459
3.10955
2.96718
3.00154
3.10531
2.70748
2.95211
2.62261
2.79651
3.23409
3.06064
2.96084
2.892
2.78287
3.00588
2.68706
2.75348
2.61697
3.16166
2.69072
2.72877
2.81068
2.97001
2.89084
2.95126
2.54918
3.06338
2.77435
2.73272
3.14442
2.89236
2.87825
3.56726
2.45166
2.91292
2.72593
2.91426
2.87325
2.82206
2.78742
3.09822
2.88622
2.90616
2.77833
2.79363
3.11285
2.75848
2.57691
2.73553
3.12321
2.60116
2.7083
2.62082
3.22265
3.18074
2.40674
2.78949
3.07708
2.86298
3.42879
2.69223
2.9421
3.09343
2.8474
2.88686
2.68539
3.00188
2.95719
3.00338
2.99143
3.19999
3.38577
3.0779
2.75522
3.19861
2.84237
2.85846
2.99144
2.63028
3.05241
2.85075
3.14393
2.83152
3.26944
2.64527
3.00306
2.9095
2.9393
2.99043
2.87017
2.82173
2.89503
2.78764
2.69087
3.3059
2.97061
2.90647
3.24684
2.92839
3.04557
3.12827
3.32213
2.8584
2.7976
3.05347
3.11505
2.94627
2.99161
2.915
2.90874
2.6268
2.65034
2.95738
2.7825
3.11795
2.86295
3.05491
2.73782
2.55848
2.28958
2.66526
2.19822
2.94003
2.98039
3.10643
2.91793
2.84298
2.62704
2.35704
2.51336
2.89084
2.55254
2.49324
2.76153
2.47245
2.50572
2.73831
2.53098
2.66121
3.14672
2.90401
2.84152
2.54424
2.73115
2.72678
3.14328
3.06998
2.58836
2.43732
2.90575
2.8123
2.77978
2.39778
2.80283
2.2546
2.74274
2.56355
2.57295
2.76804
2.62167
2.48098
2.7165
2.59831
3.19835
2.73001
2.65038
2.62726
2.70383
2.58921
2.82549
3.0663
2.63081
3.18586
2.9869
2.43249
2.79074
3.11494
3.22173
3.38263
2.98873
2.93399
2.77788
2.90431
2.75604
2.81844
3.0367
2.77639
3.09077
2.72341
3.07965
3.22934
2.87351
3.41595
3.08316
3.20222
2.68781
3.03926
2.95065
2.9934
3.22826
3.24128
3.08214
2.72778
3.06867
2.99321
3.02293
3.18322
2.84781
2.21186
3.30115
2.96721
3.30019
2.97638
2.54566
3.06905
3.40613
2.58604
3.23155
3.22788
3.0817
3.07183
3.01315
2.76322
2.70002
3.20002
2.92666
2.50592
2.92223
2.88637
2.67671
3.16233
2.89989
3.1266
2.90049
2.9983
2.51159
2.94356
2.98632
2.8416
2.88328
2.30992
3.18294
3.01443
2.6576
2.59879
2.37711
2.89599
3.14924
3.20585
2.28841
3.26406
2.6701
3.0695
2.97524
3.01814
2.77338
2.8207
3.07003
3.12438
2.65903
2.80632
2.72659
2.64004
2.73169
2.77571
2.75992
2.91298
3.19824
3.09972
2.84924
2.84727
2.67896
3.05005
2.90149
3.03492
3.11145
3.10723
2.94305
2.45075
2.89936
2.65984
2.81015
2.62877
2.96216
3.12441
3.17074
2.75211
2.50626
3.02992
2.74019
2.73561
2.49534
2.45751
2.687
2.63468
2.69524
2.71032
2.77084
3.03454
3.15925
2.66098
2.51594
3.12383
2.78251
3.26775
2.57372
2.91439
2.58536
3.2593
2.82488
3.32872
2.37689
2.94585
2.78036
2.8033
3.10835
2.86714
3.04871
2.88248
2.78332
2.77377
2.41574
2.99235
2.58918
2.89069
2.53669
2.98556
2.92466
2.83416
2.96777
3.06797
2.97665
2.85839
2.73639
3.06267
2.83148
3.07316
2.75442
2.61314
2.73026
3.04046
2.75086
2.84276
2.64348
2.72147
2.71195
3.0991
2.79848
3.18049
2.91338
2.61974
2.74948
2.91224
2.59573
3.17682
3.09373
3.0587
2.85044
2.77084
2.74084
2.61196
2.97157
3.01513
2.60347
2.83859
3.11957
2.55235
3.04582
3.19464
2.80731
3.02951
3.31024
2.39812
3.21808
2.96706
2.53665
2.8258
3.01757
2.7111
2.89986
2.7734
2.78135
2.9217
3.03009
3.09931
3.11048
3.2612
2.91206
2.60435
2.80681
3.10979
2.28841
2.89256
3.01738
2.70069
3.03006
3.05209
2.69078
3.3449
3.20874
3.28597
2.85632
3.00372
3.34052
3.11579
3.07749
3.10549
2.98232
2.69259
3.06549
3.39745
3.03173
2.74481
2.9315
2.57974
3.17401
2.98566
2.5656
2.834
3.00974
3.14502
3.20244
2.30516
3.11224
2.99893
2.60025
2.65602
2.94998
2.31023
2.81784
3.07206
2.91941
2.98018
3.45545
2.92989
3.06211
3.23548
2.49103
3.07081
3.25938
3.45399
3.08777
3.13548
2.58226
3.04598
3.09222
2.84224
2.78882
3.02701
2.86472
3.23871
3.12238
2.96738
2.93243
3.09914
3.06984
3.09656
2.80793
2.77428
3.09
3.44825
3.03034
2.91715
3.32129
3.14428
2.9915
2.80662
2.78016
3.06267
3.45921
3.11799
2.87161
2.88591
3.25987
2.41358
2.40277
2.91389
2.61092
3.17658
2.99614
3.1439
2.96556
2.44145
3.54188
2.87064
2.83536
3.19609
3.18692
2.83952
2.8482
3.00678
2.44651
2.48064
2.8536
3.00035
3.27844
2.91612
3.03828
3.11324
2.91624
2.89647
3.20498
2.96727
2.88452
2.67735
2.64411
3.19417
3.02703
2.99989
2.63641
3.2564
2.81891
2.81809
3.03789
3.14631
3.19361
2.9259
3.05605
2.99412
2.68118
2.71767
2.89374
2.91806
2.52056
2.92893
2.98481
2.43674
2.90327
3.25449
2.92462
2.95031
2.81707
2.88672
3.11984
2.99324
2.39675
3.27433
2.58572
3.21019
2.9324
2.97159
3.19115
3.17386
2.2249
2.91961
2.99023
2.95419
3.13372
2.66324
2.6437
2.6215
3.37258
2.8404
2.98006
3.10571
2.90525
3.26466
2.84059
3.17356
2.85144
2.86364
2.78274
3.11269
2.92984
3.36828
2.74303
2.69541
2.61764
3.11501
3.44976
2.90876
2.76688
2.88663
2.71974
3.08369
3.1502
3.14749
2.94306
2.62123
2.60397
2.83216
2.89723
3.11368
2.71536
2.9003
2.75996
2.87579
2.96891
2.77877
2.87476
3.02701
3.20073
2.83284
2.81727
2.83929
2.48247
2.9987
2.8356
2.93728
2.81922
3.11401
2.89929
3.16037
2.78768
2.93138
3.09433
2.87638
3.05883
2.51785
2.83383
3.00389
2.7537
2.87703
2.5816
3.04706
3.01547
2.8276
2.52361
2.85197
2.6596
2.80154
2.89964
2.9264
2.76409
3.26829
2.76703
2.93145
3.02135
2.60452
2.97018
2.93034
2.84459
3.13735
2.86554
3.05429
3.06958
3.03957
2.89194
3.161
2.78877
2.9423
2.93924
3.43606
2.82395
2.67186
2.93822
3.10291
3.28081
2.43185
3.00314
2.54014
3.11085
3.12994
2.57454
3.01192
3.08972
2.80309
2.50738
2.85692
3.39424
3.02235
3.03299
2.85524
3.10545
3.47963
3.30715
2.70295
2.98716
3.2136
2.79914
2.5804
2.98535
2.58001
2.59503
2.99833
2.99029
3.18944
2.95274
2.95496
2.73817
2.94451
2.70891
2.92476
2.97097
2.65881
2.90988
2.84649
2.34695
2.73906
2.93828
2.86095
2.66891
2.64087
2.79304
2.87262
3.07776
2.92562
3.08486
2.60974
3.05319
2.72088
2.50596
3.02806
3.24077
2.6929
3.00168
3.18491
2.73973
2.86207
3.04866
2.89618
2.5704
2.72567
2.88873
2.64226
2.40507
2.63013
2.54516
2.60562
2.67107
2.59364
2.80099
2.92773
3.01798
2.60923
2.91632
2.72193
2.75493
2.60821
2.5903
2.64194
2.79772
2.83633
2.89223
2.79047
2.38178
2.74154
2.89372
2.83831
2.45111
2.20977
3.02694
2.84458
2.63943
2.63239
2.45009
2.78448
2.45619
2.08207
2.42232
2.43369
2.69469
2.93169
2.60495
3.31165
3.09691
3.01996
3.17858
2.78536
3.11211
2.73429
2.9709
2.56913
2.95395
3.05599
2.98949
2.88349
3.21773
2.25604
2.92379
2.95488
3.13644
2.92392
3.37423
3.09629
2.67562
2.76277
2.463
2.51938
3.08337
2.5352
2.70527
2.81567
2.56111
2.85178
2.97892
2.84324
3.33167
3.22652
2.91162
2.97055
2.62576
2.59687
2.87821
2.6403
2.66244
2.78225
2.87039
2.5131
3.37275
2.91844
2.89119
3.00278
3.15156
3.07514
2.94611
3.08064
3.21887
3.27969
3.06719
2.70666
2.77758
2.84222
3.18582
2.81229
2.7087
2.94182
3.3219
2.72469
3.2168
3.1523
3.38658
3.13271
2.90116
3.17235
2.90297
2.95777
2.83459
2.84146
2.85717
2.93125
2.85947
2.98802
2.91447
3.02384
3.16422
3.08445
2.88598
2.68919
3.01782
2.48248
3.0766
2.94979
3.21108
2.98494
3.04878
2.99705
2.7371
3.02503
2.79535
2.98937
2.84894
2.8034
2.8761
3.03681
3.0437
2.73726
3.10759
2.95547
2.71346
2.90638
3.06459
2.85551
2.9169
2.71444
3.12816
2.9418
2.43021
2.79935
2.86652
3.08047
2.76855
2.95092
2.65348
2.80744
3.11081
3.02772
2.91116
2.54299
2.65187
2.83837
2.85473
3.14686
3.35517
3.10915
2.93333
2.84575
3.34214
2.9939
3.27602
2.82443
2.81786
2.5977
3.17189
3.00811
3.37826
2.9232
2.90269
2.83083
2.8179
3.15917
2.99655
3.05164
2.89868
3.11616
3.08277
2.598
3.14068
2.50925
2.86205
2.52149
2.55526
3.06732
3.04438
3.21927
2.93066
3.13197
3.00689
3.00999
2.7681
2.67444
2.74165
2.98669
2.85189
2.53739
2.89326
2.98483
2.79437
2.75741
2.86602
2.74288
2.68631
2.85677
3.06511
2.91485
2.34114
2.83822
2.71756
2.80476
2.94501
2.56013
3.09263
2.86354
2.52906
2.61419
2.34001
2.81562
3.00091
2.78925
2.83508
2.7231
3.02019
2.95867
2.71666
2.78966
2.74787
2.62419
2.8856
2.95472
2.71018
2.77797
2.72941
2.59177
2.91425
2.89346
2.83806
2.80045
1.99723
3.0225
2.50524
3.18011
2.49603
2.58695
2.61733
2.59076
2.54884
2.72166
2.77036
2.78434
2.90778
2.66842
2.4253
2.65191
3.22187
2.16392
2.42035
2.74964
2.73242
2.66274
2.7575
2.73443
2.80037
2.71532
3.20413
3.11545
2.90247
2.80532
2.74936
2.7536
2.72568
3.14619
3.05019
2.56944
2.74662
3.16972
2.64848
2.72957
2.75662
3.00137
2.96377
2.80438
3.14191
2.81537
3.14926
2.65233
2.61489
2.74777
2.56494
2.88827
2.51495
2.83932
2.72882
2.49931
2.87323
2.7263
3.10168
3.20688
2.71831
2.48067
2.84613
2.90368
3.25225
2.49722
3.25969
2.36132
2.47169
2.21112
2.79797
2.90185
2.92924
2.76715
2.59606
2.44532
2.43594
3.01318
2.53932
3.28903
2.83554
3.05064
2.80334
2.60262
2.83128
2.61468
3.03499
2.56816
2.78142
2.83066
2.51126
3.22086
2.94133
3.08899
2.82379
2.98795
2.87976
3.45703
2.27768
2.70509
2.77741
2.93011
3.09693
3.0612
2.53897
2.51992
3.25643
2.74209
3.03023
2.78208
2.54761
2.92144
2.64287
2.67404
3.08338
2.86444
2.81781
2.7928
2.77185
2.67345
2.97261
2.39109
2.62857
2.86751
2.3384
2.84952
2.66478
2.73263
2.72911
3.01496
2.84906
3.27552
2.71601
3.3183
2.3099
2.63882
2.45906
2.95434
2.82628
3.00571
2.93794
2.79111
2.66257
2.28471
2.81906
2.71961
2.94441
3.07891
2.68569
2.92312
2.98114
2.83838
3.11546
2.83558
3.2379
2.7871
2.70904
2.78991
3.06237
3.33705
3.02184
2.8719
2.88941
2.82242
2.57195
2.6899
2.52072
2.77473
2.40292
3.0112
2.68035
2.99929
2.75586
2.94928
2.85922
2.71154
2.87906
2.67014
2.75366
2.88458
2.73304
2.64268
3.14877
2.65543
2.79248
2.66586
3.20122
2.82029
2.89972
2.60279
2.68509
2.7236
2.78393
2.79391
3.36035
3.25191
3.03362
2.85192
2.70816
2.78999
3.24984
3.03974
2.76518
2.71907
2.78022
3.12802
2.57044
3.29665
3.10848
2.61852
2.90136
3.32744
2.89088
3.0408
3.2043
2.75798
3.03442
3.42525
2.40084
2.98927
2.91116
2.93365
3.17317
3.15368
3.0667
3.09813
3.34302
2.84675
3.26215
3.02491
2.98252
2.43769
3.41289
2.65725
3.29916
2.91212
2.68612
2.73456
2.77857
2.53907
3.1154
3.06793
2.65362
2.75402
2.97168
2.45351
3.10587
3.13277
2.88695
2.62034
2.60208
2.70407
2.87729
2.54987
2.74901
2.86456
2.48495
2.87364
2.79441
2.70939
2.28896
2.75187
2.82936
2.67595
2.36248
2.56915
2.35908
2.43644
2.95933
2.72372
2.63466
2.67434
2.6092
2.55385
2.5743
2.69218
2.64397
2.92151
2.94059
2.64869
2.97588
2.81568
2.73849
2.37168
3.21339
2.92404
3.29707
2.7585
2.76727
2.98108
2.81507
3.10356
3.09318
3.26456
2.87603
3.10254
3.03995
3.22034
3.27942
2.85058
3.22491
2.918
2.99382
2.92335
3.21123
2.89112
3.19963
2.99924
2.73555
2.84113
3.17722
3.29368
2.62337
2.43276
3.15776
2.7784
3.09024
2.90206
2.49473
2.71764
2.57927
2.70292
2.99141
2.77947
2.54959
2.92281
2.41909
2.65643
2.60366
2.65926
2.5595
3.08792
3.06017
2.68356
2.45578
2.85231
2.9412
3.02142
2.70766
2.61251
2.74935
2.69204
2.4442
2.94629
2.53717
2.91472
2.50417
2.94621
2.96389
3.32861
2.69808
3.05728
2.90495
3.12618
2.85519
2.9669
2.47133
3.30572
2.73498
2.94952
2.76567
2.82102
2.67459
3.07023
3.02876
3.05215
2.87883
2.74412
2.73364
2.76962
2.50899
2.60392
3.1012
2.64736
3.24536
2.97067
2.5968
2.57817
2.799
2.60259
2.61954
2.68899
2.895
2.62419
2.58938
2.59214
2.85333
3.16737
2.90807
3.21383
2.66369
3.0596
2.74275
2.56041
2.7785
2.76276
2.86127
2.59294
3.24961
3.01615
3.09676
2.82179
2.92745
2.82432
3.02845
2.72396
2.88119
2.81447
2.43951
2.30364
2.78053
2.72125
3.20575
3.0758
2.95967
2.97058
3.0953
2.23841
2.6855
2.42944
2.45482
2.5807
3.05412
2.77775
2.61418
3.17704
2.77178
2.53696
2.77095
2.93894
2.50333
2.58782
2.52679
2.47844
2.34219
2.56327
2.62165
3.05837
2.9455
2.94277
2.93997
3.13399
3.11919
3.06672
2.50381
2.87141
2.94618
3.15212
2.85126
2.63561
2.73461
3.05538
2.81105
2.92385
3.00943
2.81799
3.13124
3.20285
2.79927
2.8912
2.77293
2.56338
2.90668
2.63486
2.78662
2.86999
2.98916
2.87599
2.44968
2.54502
2.85189
2.81733
3.07425
2.59742
2.70703
2.8519
3.01286
3.22213
2.8798
2.92046
3.01362
2.47768
2.84431
3.0178
3.29797
2.93069
3.04592
2.53162
2.47522
2.77014
2.83487
2.89528
2.92668
2.95266
3.01126
2.73765
2.76884
3.17017
3.12755
2.8828
2.89705
2.5718
2.69074
2.87704
2.89444
3.08439
2.55874
2.82306
2.74216
2.72453
3.19202
2.86024
2.44704
3.0484
2.90117
2.91076
2.57752
2.70229
2.90519
2.90798
2.61305
2.71753
2.77881
2.49472
2.90152
2.52849
2.6821
2.6345
2.76701
3.02871
2.28417
2.8267
2.42271
2.68863
2.98396
2.62185
2.53008
2.90752
2.74665
3.07653
2.72452
2.62405
2.79914
3.11414
2.91995
3.00458
3.11764
3.06612
2.6868
2.92881
2.8725
2.60956
3.04433
2.68686
2.88498
2.96286
2.77203
2.62038
3.02622
2.76221
2.64504
2.84369
3.14113
2.94211
2.826
2.44243
3.0455
3.14141
2.94397
2.8423
2.95058
3.10333
2.93426
2.79671
3.09111
2.59906
2.93639
3.49333
2.87319
2.82047
2.59625
2.76988
2.64405
2.53281
2.36797
3.01566
3.23231
2.84147
2.60475
2.40304
2.70502
3.14185
2.81359
2.69294
2.78546
2.81597
3.04616
2.91514
2.81321
2.84818
3.12288
2.28757
2.94682
2.69518
3.0456
2.69614
2.56979
2.729
2.68676
3.29726
2.90699
2.60301
2.801
2.89859
2.70798
3.0459
3.04831
2.99633
2.90322
2.71009
2.30904
2.86572
2.86528
2.84481
2.71649
2.64084
2.98917
3.14326
2.92192
2.96994
2.72473
2.82157
3.08172
2.8218
2.8223
2.6938
2.4322
2.83578
2.86981
2.75315
2.28464
2.77175
3.24795
3.1138
2.78366
2.67037
2.99875
2.76873
2.53457
2.54228
2.57351
2.7816
2.77696
2.47089
3.37565
3.13162
2.29775
2.52599
2.70388
2.93268
3.17203
2.89472
2.89059
2.97564
2.82448
3.10318
3.22762
3.05122
3.09364
2.76034
2.83275
2.59999
3.00725
2.5082
2.77018
2.41046
2.5094
2.9852
2.97717
2.85761
2.65916
2.77014
2.90042
2.79844
2.86015
2.64392
2.87489
2.87025
3.09392
2.40825
