28.7783
28.7358
28.7915
28.9682
28.5836
28.9633
28.8553
28.871
28.8815
28.7827
29.0384
28.8828
29.0486
28.9725
28.8013
29.1407
29.1462
28.923
28.9353
28.9759
29.1198
28.5561
28.9894
28.6962
28.9462
28.6562
28.3888
28.7154
28.8362
28.6251
28.8402
28.7287
28.9628
29.1741
29.1548
29.1611
29.0646
28.9212
28.8268
28.8843
28.8567
29.3065
28.7229
28.9337
28.7725
29.0719
29.0088
28.9389
29.3037
28.9005
29.1295
29.0925
28.7889
28.6971
28.534
28.9598
28.4948
28.8026
28.9018
28.5697
28.9421
28.8988
28.6849
28.6651
28.6564
28.8229
28.7444
28.8063
28.8072
28.827
28.8293
28.9029
28.8594
28.6839
28.7312
28.8724
29.1224
28.8062
29.0729
28.714
28.4538
29.1358
28.8814
28.9607
28.978
29.0357
28.8343
28.6275
28.6915
28.7056
28.6537
28.6072
28.7059
28.9215
28.8504
28.7191
29.0801
28.6764
28.5119
28.8245
28.9854
29.1371
28.3715
28.7317
28.7329
28.774
28.7415
29.0629
29.2441
29.2053
28.9062
28.5729
28.8139
28.6247
29.0726
29.1174
28.6301
28.551
29.3084
28.6383
28.9878
29.0719
28.4099
28.7816
28.5806
28.981
29.0662
28.602
28.7189
29.1661
28.9917
29.4871
28.5202
28.5961
28.9071
28.5794
28.6598
28.7118
28.6096
29.0112
28.5446
29.2595
28.5589
29.0901
28.4303
28.7791
28.9166
29.1418
29.0747
28.8136
28.9495
28.704
28.857
28.8209
28.7776
28.973
28.5715
29.5572
29.0306
28.9647
28.9299
28.6862
28.7201
28.4391
28.9653
29.0398
28.6449
28.7414
28.6136
28.4134
28.7231
29.1038
28.5741
28.4698
28.3839
28.6709
28.9777
28.5492
28.7784
28.6256
28.8026
28.624
29.1506
28.8996
28.6962
28.7369
28.5111
28.7205
28.8119
28.8275
28.6693
28.2546
28.6148
28.614
29.0881
28.6969
28.5971
28.687
28.86
28.7398
29.0395
28.6875
28.8292
28.4815
28.8712
28.9906
28.8318
28.8958
28.8999
28.7163
28.9602
29.1597
29.2389
28.3428
28.6864
29.1305
28.8611
28.4608
29.0649
28.7104
28.7854
28.6417
28.8888
28.7891
28.963
29.0658
28.5355
29.091
29.0857
28.8311
28.4287
28.5181
28.9865
28.6692
28.9295
28.9827
29.1324
28.8722
28.384
28.7254
28.9713
28.684
29.3106
28.8067
28.9074
28.8505
28.8781
28.6383
28.7424
29.1492
29.1403
29.0527
28.88
28.5844
29.0397
28.5217
29.058
28.6425
28.4841
28.8136
28.5269
28.6722
28.6869
28.7557
29.1099
28.7099
28.6993
29.3449
28.7608
28.9579
28.9649
29.2349
28.4099
28.5784
28.8974
28.993
28.9018
29.2434
28.9071
28.8045
28.8518
29.36
28.5698
29.023
28.5103
28.9258
28.8329
28.1906
28.4579
28.7599
28.4813
28.6993
29.1048
28.3974
28.8872
28.7749
29.1768
29.1711
28.8444
29.1346
28.9041
29.3617
28.6827
28.834
28.8978
28.7863
28.8005
29.0064
28.7862
28.7078
28.6522
28.8164
28.9523
28.843
28.8795
28.8459
28.7129
28.8235
28.4215
28.6661
28.4177
28.6913
29.171
29.3003
29.3046
29.1034
28.7928
28.7519
29.0074
28.6765
28.6309
29.4156
29.0969
28.8967
29.0329
28.9686
28.8855
28.8737
29.0068
29.0026
29.2598
29.0716
29.0231
28.9608
29.089
28.9909
29.024
29.0365
29.0169
28.8625
28.9824
29.2209
29.3937
29.1145
28.9485
29.1927
29.2924
28.8414
28.9316
28.619
28.8308
29.0331
28.7422
28.945
29
29.114
29.0238
28.7463
28.8686
28.9077
28.9468
28.7681
29.0998
29.0633
29.0574
29.4168
28.7835
28.8403
28.8643
28.8737
28.7465
28.9553
28.8869
28.8214
28.7344
28.9662
29.0091
28.8991
29.472
28.8389
28.6998
29.0197
28.7956
28.6179
28.595
28.9515
28.9404
29.1455
28.9949
28.8332
28.8951
29.2114
29.2911
29.3075
28.8204
28.9714
29.2275
28.8403
28.8726
29.1811
28.5833
29.1235
28.883
28.7233
28.6184
28.536
28.8082
29.0706
29.0345
29.393
29.0553
29.0249
28.8839
29.2539
28.854
29.0342
28.7129
28.8962
28.8838
29.0088
28.7194
28.6679
28.7059
29.0733
28.6861
28.792
29.3609
28.969
29.0271
28.5414
29.0124
28.6541
28.9488
29.4393
28.5243
28.8762
28.8139
28.7255
28.8021
28.7299
28.7693
28.6463
28.9435
28.8124
28.9747
28.9278
29.214
28.8086
29.2943
28.9733
29.1494
29.0264
28.8509
28.6786
28.8875
29.2639
28.4785
28.8589
29.0005
28.9854
29.3397
28.9618
28.7916
28.5753
29.0136
28.5189
28.8397
29.066
28.8243
28.5196
29.0231
29.0928
29.3225
29.0116
28.6495
28.8375
28.9409
28.5521
28.8527
28.9642
29.3844
28.5809
28.7183
28.8336
29.0461
28.6315
29.1087
29.1049
28.9527
29.2489
29.2701
28.1983
28.8928
29.0246
28.9629
29.1904
28.8735
28.6633
28.7283
28.8407
28.9392
28.8089
28.9052
29.0069
28.9697
28.4463
28.4849
28.7353
28.7237
28.5337
29.1127
28.8768
28.9346
28.9416
28.4256
29.0453
28.8524
28.6579
28.6444
29.123
28.8739
29.029
29.2213
28.7382
28.774
28.7249
28.9516
28.8806
28.7001
28.8756
29.0052
29.0669
29.3156
28.9266
28.899
28.6259
29.0563
28.9013
28.9364
29.1246
28.9303
28.6473
29.349
28.8273
29.0211
28.8845
29.0981
28.6867
28.5066
28.7179
28.7675
29.1394
28.8956
28.9197
29.4817
28.7895
28.9267
28.974
28.7494
28.5237
28.905
28.8894
28.7269
28.4319
28.5121
28.9323
28.9269
28.8097
28.8573
28.8678
28.8085
29.1168
28.8655
29.0049
29.0242
28.8405
28.8218
28.5354
29.1225
29.4058
29.3217
28.8695
28.9732
29.4045
28.6676
28.9987
29.4151
29.1987
28.9212
29.057
29.1455
29.1123
29.087
28.8282
29.3675
29.2788
29.4425
29.1144
28.6115
29.3472
29.1108
29.0342
28.9949
29.3445
28.9947
28.9593
29.1147
29.5327
29.2326
28.8336
29.2022
29.1071
29.1906
29.1713
29.3967
28.9619
28.9421
28.739
28.6838
28.8376
28.9687
28.5805
28.8186
28.6442
29.0111
29.244
28.9241
29.1266
29.3496
29.1169
29.1366
29.0092
28.8953
28.8168
29.2908
29.1442
28.9793
28.9918
29.2507
28.7247
28.5469
29.2332
28.7462
28.5143
29.4745
28.9123
29.1573
28.9863
29.3626
29.3324
28.7857
29.109
29.1679
28.834
29.2185
28.5004
28.718
28.8044
28.5402
29.1248
28.9936
29.0219
28.8234
28.8685
28.5048
28.919
28.9525
28.661
28.3683
28.5239
29.0514
29.1675
28.7111
28.6483
28.7174
28.9062
28.6335
29.0731
28.8708
28.6523
28.8954
28.4176
29.1364
28.6765
29.0351
28.9008
29.0941
29.0538
29.3725
28.99
28.8308
28.9299
28.8726
28.7252
28.609
28.7615
28.9185
28.5335
28.7037
28.9836
28.763
28.9423
28.7923
28.9264
29.1107
28.9161
29.0768
28.9259
28.461
28.9156
28.5523
28.7935
28.9631
28.3307
28.8582
28.6066
28.3956
29.4086
28.3546
28.7824
28.8693
28.7573
28.8532
28.6964
28.8174
28.5324
28.8971
28.7326
28.2438
28.6833
28.77
28.843
28.8518
28.7205
28.5746
28.461
29.0859
28.6718
29.0599
29.2373
28.6864
28.5313
28.473
29.1101
28.9388
29.2701
28.9007
28.4302
28.2158
28.6163
28.9462
28.6202
28.8943
28.6259
28.6484
28.6743
28.9176
28.9512
28.8145
28.6871
28.9935
28.7852
28.9939
28.801
28.7942
28.996
28.628
28.6479
28.7826
28.7957
28.8917
28.7597
28.9485
28.9065
28.8929
29.0061
28.8487
29.2377
28.8929
29.1597
28.6321
28.7635
28.6859
28.5519
28.4298
28.5233
28.7454
28.7629
28.5877
29.0268
28.9687
28.9425
28.8529
28.7279
28.6705
29.1023
28.7854
28.727
28.9063
28.8795
29.0948
28.5063
28.7327
29.1123
28.8695
28.7331
28.8822
29.2202
29.0593
28.5775
28.869
28.7216
29.0378
28.9775
28.4924
28.9464
29.0709
28.5029
29.0292
29.1766
29.208
28.6327
29.003
28.6731
28.7564
29.041
28.5214
29.1349
28.7824
28.8608
28.8423
28.2656
29.1411
28.7716
28.7857
28.5209
28.8231
28.5165
28.8274
28.4832
28.681
28.5281
28.618
28.8089
28.5624
28.5739
28.9738
29.0103
28.6724
28.5348
28.6729
29.0685
29.0609
29.3962
29.1156
28.8671
29.0745
28.974
29.0437
28.8822
28.5158
28.8147
28.6012
29.0547
28.8072
28.4803
28.9714
28.7943
28.8873
29.2667
28.8848
28.6949
28.9038
28.9291
28.419
29.0477
29.0114
28.8359
28.2893
28.6621
28.7059
28.5729
28.8898
28.7885
28.5133
28.9827
28.5844
28.8192
28.5772
28.8424
28.9461
28.8337
28.8443
28.5784
28.2403
28.8533
28.8756
28.7744
28.8725
28.6734
28.9579
29.2008
28.596
28.6672
28.7917
29.2818
29.3783
29.0143
28.5552
28.6822
28.5764
28.6967
28.8728
28.895
28.6992
29.2086
28.9487
28.9335
29.1704
28.9366
29.0191
28.974
29.1331
28.728
29.2094
28.5884
29.1543
28.5612
28.3798
28.6565
28.7228
28.4975
29.0195
28.5969
28.4631
28.7775
28.5159
29.0915
28.7918
28.8122
28.9426
28.9398
28.7623
28.7521
28.8717
29.1272
28.8196
28.7038
29.2966
28.6813
29.0718
28.5459
28.7516
28.4267
29.3633
28.7226
29.114
28.9159
29.2419
28.9656
28.9615
28.8827
28.9678
29.0019
28.48
29.0232
29.1972
28.6099
29.0911
29.2645
28.5078
28.9224
29.0494
28.9277
28.7766
28.9342
28.6733
28.5535
29.0925
28.6006
28.963
28.5233
29.0954
28.7448
28.6986
28.4738
29.0035
28.8874
28.7402
28.8191
28.7458
28.8316
29.4084
28.8339
29.1581
28.8274
28.8369
28.8813
28.8177
28.6683
29.2527
29.2691
28.5825
28.6243
28.9062
28.6183
28.4004
28.8224
28.7664
29.1638
28.8375
28.8255
28.4857
28.6816
28.8529
28.878
28.9562
28.8898
28.4243
28.8109
28.9318
29.0833
28.7241
28.4911
29.0787
28.8886
28.8854
28.7341
29.091
29.1293
29.3709
28.8759
28.735
29.2751
29.0622
28.8241
29.4099
29.0683
29.191
28.607
29.041
29.3258
28.8089
29.4374
29.1012
29.419
29.184
29.1416
29.0827
28.6343
29.134
29.0178
28.768
28.6835
29.0729
28.6761
29.2454
29.0105
28.7585
28.8347
28.9256
28.9214
29.1436
29.3346
29.1024
29.3577
29.1433
28.9989
29.0237
28.8461
28.9327
29.0899
29.1263
29.2519
28.9757
29.0203
29.047
28.8945
29.2519
28.6693
29.1518
28.8131
28.9546
29.2127
28.9615
29.3952
28.8942
29.1071
29.1955
29.1028
28.7671
28.8776
28.807
28.8296
29.1843
29.0448
28.7475
29.4661
28.7111
28.8639
28.9906
28.6283
28.6692
29.3951
29.3518
29.1076
28.9753
28.9389
28.955
28.9581
29.2545
28.7571
28.6715
28.7841
28.3795
28.7669
28.9438
28.9315
28.577
28.8796
28.9403
28.9528
29.1615
28.7875
28.6117
29.1699
28.5184
28.2642
28.7906
28.6055
28.6766
29.314
28.7293
29.3271
28.8208
28.7672
28.7581
29.0242
28.4782
28.6982
28.9893
28.7373
28.7385
28.8749
28.7531
28.7114
28.7113
28.9535
28.9751
28.8478
29.1978
29.122
28.9571
28.6027
28.5825
28.8501
28.4977
28.7233
28.6511
28.9831
28.6567
28.8595
29.116
28.7216
28.8547
29.1056
28.6134
28.9541
28.7492
29.0413
28.8441
28.6815
28.8952
29.0917
29.2246
29.0718
28.8207
29.0522
28.9301
29.0476
28.7089
28.7436
28.6801
28.8289
28.6431
28.7928
28.9634
28.8038
29.1722
28.5558
28.7375
29.007
28.9172
28.4222
28.5034
28.8399
28.8955
29.0157
28.6826
28.8107
28.6302
29.4014
28.8781
29.0108
28.7786
28.7606
29.2374
28.6478
28.9014
29.0305
29.2003
28.8349
28.8166
28.6689
28.8958
28.7761
28.8018
29.2325
29.0248
29.1966
29.133
28.6779
28.5471
29.152
28.4309
28.3629
28.9061
29.2232
28.5896
28.7697
28.703
29.0975
28.8849
29.0883
28.5742
29.0193
29.0972
29.0672
29.0617
29.1992
28.5928
28.9659
28.9215
28.6844
28.648
29.1444
28.6652
29.0568
28.7256
28.9138
28.5435
28.917
28.5934
29.0946
28.91
29.4211
29.1428
29.1462
28.8719
28.5913
28.7451
29.0554
29.0277
28.7255
28.9242
28.7122
28.5556
29.0789
28.8229
28.7588
28.8379
28.9574
28.5628
28.8512
28.941
28.995
28.7442
28.7799
28.7789
28.6933
28.5759
29.0374
29.0656
28.1373
28.8334
28.8075
28.8336
29.0799
29.0906
28.8518
28.7474
28.9189
28.607
28.8108
28.8179
28.7088
28.9448
28.9005
28.7605
28.6831
28.344
28.8476
29.0184
28.6101
29.092
28.6945
28.7937
28.4789
28.6566
28.8709
28.8042
28.6354
29.1638
28.841
28.409
28.5267
28.8878
28.8556
28.8674
28.5987
28.8104
29.0987
28.9722
28.8072
28.7418
28.5048
28.478
28.9248
28.7061
28.3565
29.0698
28.667
28.5827
29.0626
28.3404
28.6634
28.9753
28.64
28.5658
28.1673
28.414
28.7051
28.7862
28.7624
28.9072
28.5211
28.7524
28.6396
28.9083
28.9515
28.4415
28.6307
28.5829
28.7046
28.5862
28.8922
28.5059
28.6737
28.5777
28.6221
28.5947
28.2624
28.449
28.6367
28.5519
28.8214
28.4744
29.2544
28.9008
28.457
28.7243
28.898
28.9458
28.4802
28.9736
29.023
28.5661
28.9686
29.0685
28.7893
28.7916
28.825
28.8987
28.9068
28.843
28.6934
28.8033
28.9415
29.1702
28.8978
28.516
28.7753
28.7889
28.9651
28.5094
28.6657
28.5338
28.692
28.8364
29.196
29.133
28.718
28.982
29.0822
28.7538
29.0079
28.7308
28.4956
28.6372
28.6185
28.9955
28.9335
28.8404
28.5806
28.5792
28.7341
28.5128
28.6924
28.6341
28.9566
28.9674
28.7952
28.8525
28.4936
28.8656
29.1506
28.544
28.7268
28.5894
28.9133
28.7567
28.5391
28.7953
28.4909
28.5789
28.7351
28.9528
28.7986
28.6024
29.3678
28.8625
28.6784
28.5365
28.8946
28.3371
28.6007
28.8307
28.5353
28.6755
28.507
29.0338
29.1463
28.87
28.4326
29.3659
29.0557
28.7354
28.9676
28.9037
28.6359
28.8566
28.9989
28.7022
28.8516
28.81
29.0301
28.7756
29.1815
29.0033
28.86
28.9471
29.4825
29.1352
28.635
28.9582
28.6489
28.5545
28.9746
28.8267
29.1729
28.7327
29.1361
28.9142
28.9562
28.7763
28.8855
28.7383
29.1563
29.2185
28.8236
28.4042
28.9446
29.2102
28.6818
29.0145
29.3003
28.6716
28.8921
29.046
28.8197
28.8943
28.6297
29.0878
28.3807
29.2994
29.0555
28.4209
28.7879
29.0408
28.7024
29.1878
28.7257
28.8558
28.9804
29.152
29.2257
28.7695
28.9464
28.8338
28.7208
28.8335
28.6625
28.7335
29.1222
28.4408
28.8881
28.9986
28.706
28.5766
28.9725
28.5637
28.6852
28.8663
29.0733
28.568
29.1081
28.7843
29.0674
28.7014
29.3196
29.4751
28.7351
28.7648
29.039
29.2194
29.289
29.17
28.9353
29.4014
28.8638
29.0985
29.3309
29.2811
29.0653
29.1338
28.9936
29.0769
29.0109
29.3338
29.2946
28.8877
29.1778
28.935
29.0358
28.793
29.0554
29.3449
29.0828
28.762
29.3011
29.5045
29.1796
29.4135
28.7244
28.9304
29.0797
29.0845
28.6404
28.9497
29.5688
29.3368
28.9564
29.1107
28.9679
29.0466
29.2253
29.1946
29.0798
29.1142
29.2701
29.0024
28.9882
28.8765
29.227
29.1627
29.2718
29.2897
28.726
29.2325
29.3294
28.8802
29.1174
28.9858
29.3751
29.0756
28.7605
29.0432
28.8598
28.8892
28.8482
29.1211
29.0973
28.7711
28.949
28.5204
28.6188
29.0636
29.2028
29.0805
29.0939
28.9899
29.1267
29.0605
29.1203
29.0761
29.2336
29.0708
29.2456
29.3967
29.0898
29.2439
29.3097
29.5075
29.3477
29.5792
29.2235
28.9645
29.0263
29.2717
28.8248
29.1014
29.1206
28.9785
28.9071
29.1324
28.8702
29.0869
29.2578
29.061
29.1187
29.0347
29.0723
29.1893
29.4362
28.8072
28.9742
28.812
29.2827
28.9159
29.1572
29.192
28.9429
29.1425
29.1102
29.0693
29.1275
29.1053
29.0808
28.7432
29.2042
28.9322
28.8608
29.0762
29.2205
29.4019
28.924
29.1251
29.4107
28.992
29.2397
28.714
28.6336
29.2191
29.1533
29.1202
29.4252
29.0975
29.1958
28.8305
28.867
29.0552
29.0798
29.5338
28.6302
28.9485
28.8511
28.9455
29.0343
29.6317
28.8163
28.7967
29.1383
29.0992
28.9083
29.2326
28.9359
28.6676
28.6586
28.8242
29.0943
29.1454
29.0185
28.6972
28.8504
29.0919
29.0091
28.6321
28.7266
29.1025
28.6331
28.9626
28.7666
28.9824
29.1015
28.7897
28.592
28.9327
28.8061
29.0495
29.0736
28.9735
29.1843
28.9168
28.9759
28.9679
28.6252
28.7889
28.5617
28.6909
28.6085
28.9235
28.5013
28.9936
28.9851
28.8465
28.998
28.7813
28.8307
28.9069
28.9204
28.9545
28.9661
28.6801
29.155
28.8565
29.2567
29.371
29.1654
28.6686
28.6949
28.7927
28.5578
28.8906
28.6183
28.9681
28.7451
28.9818
29.1037
28.4382
28.5502
28.7732
28.6319
28.8675
28.6288
28.3382
28.6696
28.8188
29.0952
28.7147
29.0405
28.9446
28.8081
28.8491
28.9452
28.9285
28.662
28.6884
28.5973
28.6912
28.4335
28.6696
29.2749
28.9899
28.9966
29.0179
28.6987
28.7322
29.5348
28.6662
28.192
29.376
29.1016
28.9328
29.0589
29.1701
28.7917
28.8096
28.9819
28.7729
29.1552
28.6899
28.9824
28.6143
28.7757
28.7924
28.8849
28.9527
29.1543
28.8113
28.819
29.4191
28.9753
28.9995
28.9088
28.922
29.1363
28.5043
28.8435
28.6303
28.9622
28.7719
28.8692
28.8628
28.7128
28.979
28.8893
29.171
28.7918
28.9469
28.4597
28.567
29.016
28.9867
29.1262
28.7409
29.0904
29.0765
28.5582
29.0415
28.799
28.4349
28.7897
28.942
28.6401
28.6311
29.0724
29.3004
29.0741
28.5464
29.016
29.1425
29.2304
29.0713
29.1916
28.8332
29.2179
28.861
28.6699
28.8489
29.2915
28.9324
29.0581
29.0523
28.7621
29.0204
29.1249
28.9908
28.8693
29.0355
29.4739
28.812
29.2075
28.9605
28.9455
29.0272
28.9554
28.9307
28.8639
29.0424
29.3949
28.9916
28.9281
29.2844
28.9506
29.3065
28.8354
28.8104
29.2251
28.9147
29.3871
28.9402
28.6698
28.7365
29.0646
28.7761
28.9452
29.1073
28.9883
29.3723
28.9542
29.4121
29.0485
29.5019
29.2864
29.0173
29.1031
29.2573
29.0574
28.8718
28.871
29.0766
29.42
29.4091
28.8636
28.9967
28.5494
28.9856
28.9174
28.6222
29.2194
29.13
28.5453
29.1919
28.8492
28.8066
28.6616
29.0505
28.598
28.9883
28.6243
29.0703
28.693
28.6885
28.8555
28.6771
28.6205
29.1482
28.9253
29.096
28.8529
28.647
28.4588
29.0042
28.8829
28.7896
29.0853
29.0274
28.5499
28.9803
28.7774
29.0136
28.7425
28.7912
28.719
28.9815
28.6371
28.9619
28.804
28.632
28.4202
28.4473
28.96
28.8192
28.9577
28.7625
29.0643
28.6325
29.2067
28.5261
28.3869
28.859
28.7902
29.0272
28.7651
28.7121
28.9717
28.9733
28.8326
28.9791
28.896
29.1335
28.5056
28.7229
28.634
28.4425
28.4394
29.4554
28.9921
28.9804
28.8567
28.5163
29.1215
28.615
28.8834
28.9146
28.9936
28.9871
28.6928
28.7809
28.9426
28.5473
28.709
28.6655
29.0117
28.8774
29.139
28.8061
28.8401
29.1062
28.8619
28.916
28.7726
29.4306
28.9608
29.2942
29.2875
28.7453
28.6353
28.8528
28.9877
28.8562
28.8084
28.9367
28.4331
28.7262
28.7654
28.478
28.7431
28.7218
28.7738
28.9159
29.237
29.1864
28.7388
28.6422
28.6094
28.9905
28.808
28.9184
28.7731
28.8128
28.6671
29.1634
29.0272
28.8313
28.5883
28.5855
28.6893
28.9434
28.5507
28.9085
29.0802
29.0321
29.1467
28.4568
28.8259
29.0687
28.9176
28.6703
28.394
28.9089
29.0038
28.6832
28.5969
28.9921
29.3761
28.8561
28.8093
28.5942
28.3664
28.4952
28.8325
28.7665
28.753
28.5134
28.9599
28.5495
28.9146
28.8131
28.7221
29.0662
29.2316
28.5361
28.8593
29.2235
28.5726
28.7298
28.9022
29.1147
29.1714
28.8044
28.7291
28.5393
28.8514
28.8477
28.8976
28.5983
29.2027
28.762
29.2395
29.0612
28.635
29.0944
28.8775
28.937
29.0005
29.0445
29.0738
28.8148
28.8235
29.0022
28.7845
29.0269
28.3787
28.7553
28.8846
28.6764
28.9791
29.5803
28.8743
28.7452
28.636
28.945
28.7236
29.0893
28.7452
28.9685
28.8013
28.6248
28.6911
28.9878
29.0946
29.2125
28.5429
28.7404
28.7346
28.5246
29.1786
28.675
29.2328
29.0674
28.6975
28.9074
28.8514
29.014
29.0307
28.6363
28.83
28.8549
28.4726
28.8677
28.358
29.2606
29.1631
28.9503
29.1834
28.8427
28.9342
28.7862
28.9418
28.8845
29.316
28.8254
29.3043
28.8366
28.6352
28.8792
29.0122
28.5554
28.7527
28.9726
29.0485
28.6969
29.0476
28.7564
28.8551
28.9161
29.1773
29.2521
29.0374
29.1315
29.1081
28.6487
28.6131
29.0526
28.7634
29.0819
29.1562
28.7733
28.8999
28.6888
28.5713
29.0217
28.832
28.6586
28.797
28.7958
28.439
28.6522
28.8999
28.7856
28.7939
29.2017
28.7591
28.7658
28.8441
28.9
28.8177
28.277
29.0109
28.8213
28.9929
28.7896
28.9084
28.7511
29.0049
28.7879
28.7314
28.9011
28.78
28.833
28.6945
28.4758
28.5067
28.8882
28.7848
28.7957
28.9233
28.511
28.9503
28.7775
28.5127
29.0255
29.2932
29.0345
28.6749
29.337
28.6523
28.841
29.0159
29.0901
29.0772
28.6153
29.2131
29.2761
28.7053
29.0291
28.7315
28.9065
29.01
28.8817
29.0097
28.8384
29.0432
28.9658
28.8778
28.7277
28.6709
29.1159
28.98
28.8014
28.9546
28.8244
28.5553
28.6549
29.4357
28.2619
29.1588
28.9325
28.9076
28.4134
28.5755
29.286
29.406
28.6221
28.8726
28.8047
29.0567
28.8223
29.3058
28.9951
28.8987
28.5337
28.3666
29.0185
28.7361
29.0909
28.9552
28.8352
28.9323
28.5183
29.1171
28.7044
28.6308
29.1732
28.8024
29.0649
29.0484
28.5959
29.1156
28.8412
28.8865
28.5722
28.9442
28.4793
28.7555
28.7491
28.7736
28.8345
29.0271
28.4741
28.8422
28.6426
28.6314
28.8207
28.6302
29.2381
28.6094
28.9638
28.993
28.7643
28.8615
28.5943
29.0554
28.7139
28.6971
28.4561
28.5153
28.6564
28.5546
28.9175
28.526
28.5585
28.4839
28.5589
28.6173
28.6321
28.4946
28.7032
28.5899
28.5687
28.4184
28.677
28.5017
28.7859
28.783
28.6728
28.6907
28.6741
28.6602
29.0392
28.7432
28.5678
28.5593
28.5251
28.9848
28.8019
28.7769
28.9971
29.1592
28.4412
29.0732
28.5017
29.0409
28.6546
28.4829
28.8214
28.9576
28.2479
28.3654
28.4103
28.8216
28.3037
28.3801
28.8621
28.8334
28.7452
29.1221
28.9425
29.1564
28.8906
29.031
28.7813
28.6227
28.8859
28.9064
28.9873
28.6944
28.9446
28.884
28.8167
28.8512
28.538
28.7724
28.5718
28.7548
29.0039
28.6544
28.5378
28.9829
29.0067
28.9146
28.8041
28.5787
28.6967
29.1268
28.3115
28.4553
28.8393
29.0235
28.6538
29.1285
28.9139
28.8964
28.987
29.1666
29.1726
28.7876
28.8682
28.7142
28.5917
28.2758
28.8811
28.7088
28.8536
28.4511
29.0099
29.34
29.1379
28.4733
28.861
28.807
28.9741
28.6907
29.2572
28.9256
28.5347
28.5546
28.7273
28.4906
28.7231
29.0039
29.0964
28.865
28.578
28.6496
28.4357
29.0006
29.2253
29.2015
29.063
28.9336
29.035
28.9894
28.5333
28.7975
28.7489
29.1062
28.8136
29.0548
28.7405
28.735
28.5334
28.9748
28.4155
29.212
28.933
28.89
28.5697
28.7258
28.8039
29.0541
29.1316
28.8927
28.7046
29.0629
28.9163
28.567
28.6976
28.8079
28.7437
28.7899
29.2191
28.7048
28.7105
28.9755
29.0158
28.7248
28.7374
29.0353
28.6959
29.0195
29.383
28.9843
28.8438
28.7909
28.6194
28.9939
28.7174
29.1229
28.957
28.9809
28.7729
28.8604
28.9963
28.8429
28.2702
28.9896
28.9067
28.5295
28.6376
28.8943
29.169
28.8777
28.9414
28.7103
29.0002
28.9107
29.3301
29.1857
28.9902
28.6538
28.9638
28.6339
29.1903
29.0093
29.0766
28.7705
28.8112
28.2987
28.8455
28.8107
29.1343
28.8006
29.0698
28.8978
28.7703
28.8888
28.5161
28.7715
28.4733
28.5188
29.1288
28.6666
29.2559
28.8687
29.1076
28.998
28.8035
28.8245
28.7037
28.6558
28.8615
28.9842
28.7379
29.1388
28.945
29.109
28.9035
28.8831
29.0514
29.037
28.6625
28.789
29.0269
28.9356
28.8989
29.2168
28.9409
29.3178
28.6162
29.058
28.9253
28.7832
28.6895
28.8682
29.0272
28.5929
28.483
28.5423
28.2306
28.6285
29.0343
28.475
29.2412
28.9796
28.9811
28.7542
28.9674
28.59
28.7659
28.6173
28.6384
29.0566
28.9581
28.8147
28.39
28.8382
29.0315
29.1959
29.1585
28.8407
29.0509
28.9475
28.8705
28.9401
28.8683
29.1575
28.8343
28.7741
29.0937
29.0037
28.6957
28.5711
28.995
29.0358
28.8354
28.6575
28.7366
28.8846
28.8416
28.9375
28.8384
29.0953
28.7257
28.8619
28.7279
29.0869
29.0381
29.2403
28.8434
28.6219
28.5121
28.57
29.0526
28.5343
29.0152
29.4044
28.6423
28.715
29.1134
28.8655
28.6034
28.4587
28.8502
28.7332
28.8464
28.8508
28.6325
29.0101
28.8877
28.4441
29.4193
29.0131
28.8004
29.1967
29.2689
29.3572
28.7371
28.8957
28.9907
29.4229
29.3194
28.8838
29.1248
28.7719
29.1189
29.0007
29.0714
29.1397
29.3347
28.9351
29.2027
29.1727
29.2823
28.9842
28.9245
29.4205
28.9459
29.4544
28.8985
28.8203
29.0519
28.9391
29.178
29.3271
29.4658
29.074
28.8111
29.0676
29.3694
29.0515
29.0047
28.9265
29.2449
28.983
28.8195
29.4114
28.758
28.8753
28.7108
28.9243
28.9308
28.809
29.6522
28.5485
29.1926
29.057
29.3933
28.6305
28.9688
29.3233
29.0799
28.9131
29.1901
29.0499
29.1664
28.9432
28.5829
29.481
29.1954
28.6064
28.8513
28.9942
28.9597
29.096
28.9766
29.2542
28.9533
28.6705
28.5246
28.8111
29.1701
29.1105
28.9726
29.0031
29.1041
29.0244
29.0314
29.2278
28.8166
28.8435
28.9293
29.0962
28.7772
29.4734
29.373
29.1562
29.1914
29.0651
28.3743
29.1431
28.8154
28.9802
28.7267
28.8426
29.2354
29.0134
29.2478
28.7479
29.1484
29.1648
28.8942
29.176
28.9701
28.9969
28.6033
29.0721
28.9384
28.9041
29.1665
28.5077
29.2107
28.8872
28.9756
28.975
28.9611
29.175
28.7859
28.8921
28.4918
28.4303
28.8688
29.0741
29.293
29.1614
28.9113
29.115
29.0435
29.1957
29.2663
28.8806
29.4032
29.3113
29.025
29.0822
29.0735
29.5001
29.3505
29.1688
29.2475
29.3655
29.1741
29.0339
29.0576
29.1345
28.8931
29.014
29.2696
29.2337
29.2726
28.9253
28.9337
29.0873
29.2254
29.2115
28.9297
29.3955
29.0998
28.9556
29.1847
29.3394
28.8598
29.142
29.2374
29.3093
29.4268
29.198
28.9891
29.0905
29.4234
29.3817
29.3544
29.2678
29.0465
29.2813
28.8443
29.4252
28.9791
29.3429
29.2003
29.2893
29.0836
29.1484
29.0954
29.0902
28.9376
28.9859
29.3284
29.4139
28.9319
28.8312
29.4573
28.7908
28.6724
29.3649
28.9341
28.5193
28.737
29.039
28.7895
28.797
29.0442
29.2554
29.1578
29.019
28.9008
29.1976
29.0319
28.8258
29.4384
29.0576
28.8905
28.7966
28.9649
28.4946
29.0211
29.1274
28.7377
28.7298
28.8296
28.7561
28.8074
28.8066
28.9549
28.9054
29.029
28.958
28.6313
29.1025
28.754
29.1585
29.1829
29.2173
29.0173
28.4935
29.0732
29.0607
28.8103
29.1007
28.8213
28.7938
29.0773
28.6763
28.7091
28.5603
29.1842
28.7973
28.5337
28.7351
28.5724
29.3641
28.963
28.9594
28.7908
28.6952
28.7861
28.808
28.824
29.0984
28.6689
28.7499
28.7312
28.9877
28.8093
28.9287
28.5257
28.6418
28.9368
28.9468
29.3341
28.9453
28.6369
28.8949
28.6576
28.8607
28.8302
28.9236
28.9483
29.0906
29.2484
28.6795
28.8287
28.7853
28.6074
28.5548
28.7862
28.7046
29.0055
28.5073
29.2402
28.9076
28.8132
28.8903
28.8583
28.7249
28.5792
28.6506
28.5526
28.7309
28.847
28.3278
29.0747
28.543
28.5187
28.5964
28.8503
28.4782
28.5724
29.3261
28.4226
28.7181
28.71
28.1692
28.9616
28.7796
28.5087
28.5956
29.029
28.7211
28.6384
29.2453
28.8779
28.6776
28.6663
28.8026
28.2699
28.7267
28.5066
28.6783
28.9038
29.2157
28.8263
28.8625
28.5723
28.7639
28.8014
28.8294
28.6647
28.916
28.8491
29.0669
28.9294
28.6146
28.5761
28.6352
28.5299
28.9046
28.6671
29.0281
28.578
28.8134
29.4582
28.7071
29.013
28.6592
28.8121
28.2631
28.6241
28.9369
28.3606
29.1531
28.8696
29.1987
28.8232
28.8809
28.9478
28.9995
28.7792
28.5902
28.6366
28.9759
28.7773
28.6012
28.9317
28.7405
28.9509
29.0063
28.3144
28.816
28.9587
28.9516
29.2723
29.227
29.112
28.9709
29.3219
29.0399
28.9912
29.0379
29.249
29.1654
28.872
29.1516
28.7665
29.0144
29.3109
29.0163
28.7828
28.7238
29.1969
28.9318
28.8536
29.171
29.1115
28.8113
29.0152
29.0091
29.3092
28.6846
29.1643
28.9908
28.9272
28.9668
29.3682
29.2757
29.2315
29.1769
28.9188
28.8752
29.3213
28.6149
29.4785
28.8157
28.951
29.304
29.0622
28.9388
28.9379
28.9366
28.9565
28.951
29.1821
28.3911
29.0432
28.7633
28.7991
29.0004
29.169
28.7909
28.7179
29.0697
28.7885
28.6247
28.9007
29.0126
28.7648
28.6954
28.9983
28.811
28.8488
28.9957
28.5514
29.004
28.5694
28.728
28.7523
28.7715
29.0415
28.476
28.7563
28.6752
29.179
28.915
28.7316
28.5366
28.6334
28.6532
28.7102
28.8541
28.9105
29.2604
28.8825
29.1316
28.9182
28.8811
28.9853
29.0283
28.7113
28.9714
28.783
28.2842
29.1323
28.9742
28.8735
28.8773
28.8519
28.5373
28.7805
29.1611
28.7625
28.7177
28.4082
28.6976
28.7447
28.254
28.4101
28.4248
28.7751
28.6586
28.7468
28.8083
28.6502
28.9744
28.8147
28.9437
28.9261
28.5798
28.9262
28.8534
29.156
28.78
28.7201
28.8882
29.247
28.6169
28.8584
28.703
28.9265
28.7578
28.841
28.8315
29.0122
28.74
28.9984
28.6229
28.6995
28.9176
28.8062
28.7726
28.778
28.4534
29.0786
28.6595
29.0484
29.0996
29.0456
28.6219
28.3594
28.9658
28.5621
28.8974
28.6002
28.8072
29.1101
29.0175
28.7502
28.6278
28.8181
28.9039
29.0023
28.7433
28.7595
28.5706
28.7991
28.7285
28.6936
28.8816
28.9289
28.9791
28.9191
29.2037
28.8788
29.1305
28.8865
29.0923
29.0892
28.7993
28.9425
28.9486
28.9869
29.004
28.7069
29.0439
28.6172
28.6333
28.944
29.291
28.8939
29.1084
28.7483
28.8246
28.9301
28.7479
29.0609
28.8077
28.6911
28.815
28.8644
28.7561
29.3299
28.817
29.4019
29.18
28.9865
28.6815
28.8635
29.0882
28.4357
29.2249
28.7159
28.9966
29.1011
28.5592
28.5397
28.7111
28.7209
28.6427
28.7877
29.291
28.6321
28.7312
28.8547
28.5508
29.0533
28.634
28.829
28.9137
29.1807
29.3075
29.0426
29.0785
29.0777
29.0252
28.8852
29.4134
28.9184
29.0391
29.1057
28.8195
28.9369
29.1162
29.0717
29.3565
29.2799
28.8296
29.1262
29.0936
28.9132
28.6688
28.8216
28.9319
29.2815
29.0137
29.0973
29.0724
29.1974
29.326
29.0515
29.0544
29.1448
29.0731
29.0864
28.9815
28.9438
28.5372
29.0749
29.1388
28.885
29.3556
28.4733
28.6562
29.2157
29.0367
28.78
29.0033
29.0996
29.142
28.9894
29.0965
29.0497
29.0452
29.168
29.2207
28.7045
29.0033
28.9674
28.9785
29.212
28.5551
28.8227
28.5874
28.8773
28.7584
28.8005
28.7963
28.4178
29.1433
28.6306
28.8946
28.904
29.1511
28.8083
28.7828
28.6232
28.7523
28.4378
28.4905
28.6379
28.7803
29.0471
28.7346
28.5846
28.5933
28.7037
29.0075
29.2602
29.2692
28.7625
28.4721
28.6553
28.4123
28.8701
28.9006
28.6023
29.0437
28.6027
28.7003
28.9726
28.6818
28.4602
28.711
28.6377
28.9681
28.2657
28.8834
28.5852
28.9842
28.8678
28.6583
28.947
28.8481
28.7837
28.9088
28.868
28.9849
29.017
29.0532
28.6705
28.6897
28.8193
28.5435
28.8248
28.8956
28.9479
29.4525
28.8521
28.785
29.2815
28.9814
28.5844
29.3399
29.0781
28.6505
28.922
29.2042
29.0891
29.1772
28.9507
28.8964
29.2682
29.2719
29.0616
28.9937
29.0158
28.7528
28.97
29.0294
28.9779
28.8643
29.0007
28.8528
28.8814
28.7859
29.1134
28.5008
28.7121
29.1489
28.8496
28.7148
28.8361
28.4121
29.0336
28.8943
28.2305
28.964
28.8769
28.7233
28.8689
29.0979
28.6613
28.9358
28.2629
28.9454
28.5432
28.7268
28.947
28.6525
28.8649
29.259
29.065
28.9495
29.086
28.7919
28.805
28.4887
28.7459
28.8224
28.5255
28.9373
29.1423
28.8025
29.3024
28.7524
28.9316
29.426
28.7338
28.497
28.8774
29.1629
28.8484
28.6854
29.3114
28.6659
29.2893
28.6839
29.0027
28.8433
28.4194
28.6486
28.6802
28.6725
28.5837
28.571
29.0308
29.2322
28.6357
29.1784
28.608
28.8071
29.0325
29.0598
28.986
28.7678
29.0664
29.0365
28.7155
28.8829
29.1954
29.0191
29.0874
28.8263
29.1181
28.6548
28.9489
29.1266
28.631
28.8727
29.0098
29.0685
28.7559
28.7775
29.2931
29.3811
28.9788
29.0146
28.9638
28.9715
28.6647
28.501
28.9102
29.3509
29.0196
28.4709
29.166
29.147
28.9618
29.09
28.5937
29.007
28.2279
28.7777
28.7364
28.9884
29.1313
28.3261
28.9199
28.9683
28.8292
28.8285
28.7129
29.0198
28.7997
28.6243
29.3884
29.086
28.8895
28.865
28.8667
28.5464
28.9637
28.9844
29.4687
28.8121
29.1165
29.0563
29.1867
28.8935
28.5937
29.075
28.8632
28.8644
29.4748
28.9489
28.7968
29.0594
28.4812
29.2761
28.4495
28.7205
28.9162
28.8542
28.5481
29.22
29.0892
28.7791
28.9416
28.6932
29.0316
28.7397
28.9199
29.1802
28.8156
28.7458
28.4505
28.7468
28.5993
28.8273
28.7746
28.937
28.8612
28.6766
29.0644
28.9406
29.0122
28.9883
29.0372
29.2468
29.0013
28.8508
29.0413
29.0406
28.774
28.916
29.1066
29.2873
28.9832
28.9879
28.8475
29.0022
28.7991
28.8447
28.9776
29.1097
28.6674
28.9476
28.613
28.8054
28.85
29.1445
29.1136
29.2179
29.4365
28.6989
28.8208
29.0413
28.7038
29.377
28.7719
29.0035
29.0467
28.8425
29.1976
28.8822
28.6718
28.9399
28.929
29.1754
28.5165
28.7611
29.0165
28.7209
29.225
28.6227
28.935
28.7375
28.7867
29.125
28.8361
28.9058
28.4452
28.6928
29.0833
28.5755
28.8028
29.1015
28.8982
28.8869
29.2368
28.9004
28.8456
28.6911
28.722
28.7578
28.4253
29.0115
28.7763
28.9921
28.6842
28.6249
29.174
28.697
29.2357
28.8966
28.7826
28.4627
28.3897
28.7694
28.9167
28.9723
28.9858
28.75
28.4229
28.7087
28.718
28.7886
28.7081
28.8188
28.398
28.7871
28.6491
28.5675
29.0618
29.374
28.8526
29.0685
28.8698
28.5819
29.221
28.6997
28.5992
28.6337
28.9068
28.9644
29.041
28.8845
29.1008
29.121
28.7251
28.9228
29.0132
28.5748
28.8825
28.927
28.9947
29.1984
28.99
28.826
29.2385
29.2606
29.0227
28.9947
28.7722
29.1502
28.9698
28.6757
28.6591
28.8833
29.2657
29.3004
28.9746
28.7347
28.5692
29.0792
28.8655
29.0449
29.11
29.2089
28.4772
28.9056
28.9779
29.3646
28.6654
28.6081
29.1002
28.5779
28.7732
29.1782
29.2891
29.0901
29.0104
28.5942
29.5906
28.8909
29.2661
29.0199
28.8989
29.0299
28.8378
29.0689
29.5036
28.8024
28.945
29.1112
28.8927
28.809
29.1378
28.9617
29.6802
29.3124
28.9484
28.6537
29.2759
28.8092
29.5545
28.9912
29.2733
29.2018
28.8099
29.5348
29.0563
28.9859
29.0806
28.9238
28.8353
28.995
28.9274
28.9613
28.5359
28.7472
29.1597
28.697
28.9457
28.8758
28.8999
28.9649
28.7922
28.7781
28.6177
28.8374
28.6408
28.725
29.1809
29.0829
29.0061
29.1161
29.1185
29.0529
28.5615
29.1329
29.2199
28.9672
29.2021
28.9807
29.4182
28.6582
29.1649
29.1738
29.1206
28.7548
28.5488
29.2075
28.822
28.9821
29.2507
29.1504
28.7483
29.0795
28.5722
28.701
28.9715
28.8961
28.8992
28.7176
28.8437
28.7544
28.864
28.5322
28.952
28.635
28.7707
29.0494
28.8891
28.6254
29.0056
29.0872
28.519
28.9651
28.8971
28.7308
28.7696
28.6706
28.7219
29.2547
28.9647
28.7921
28.7207
29.0798
28.9133
28.6254
28.5395
28.9603
29.2028
28.9501
28.8079
28.9018
28.7967
28.5582
28.9335
28.709
29.318
28.7541
29.0659
28.581
29.2197
28.7432
28.9545
29.0983
28.8607
28.9376
28.6396
28.829
29.1066
28.4974
28.6267
28.874
28.7841
28.9406
28.6579
28.7849
29.2768
28.8006
28.6176
29.2048
28.4288
28.5465
28.4145
28.8747
28.9169
28.6586
28.7732
29.0428
28.5118
29.3983
28.6593
28.7618
28.6341
28.7651
28.5683
28.4891
28.4891
28.5245
28.9847
28.7127
29.0063
29.1645
28.4889
29.1216
28.5876
29.2173
28.5338
28.6211
28.772
28.7408
27.9965
28.7284
28.5702
28.8178
28.9393
28.7077
28.8925
29.0342
28.7401
28.6351
28.5697
28.5688
28.8457
28.8425
28.7261
28.7158
28.7493
28.6853
28.7159
28.7758
28.5833
29.0893
28.6398
29.0077
28.6432
28.7492
28.8836
29.2999
28.6931
28.589
28.5138
28.2681
29.1744
28.7954
29.0236
29.0414
28.5678
28.8169
28.9266
28.8871
28.7228
28.6523
29.0517
28.5884
28.6702
28.5556
28.3731
28.9258
28.7174
28.8174
28.5473
28.9969
28.4784
28.5413
28.8002
28.8195
29.1047
28.3123
28.7611
28.8317
28.8311
28.7413
28.3033
28.9774
28.8987
28.8919
29.0714
28.85
28.8023
29.0077
29.4263
28.93
28.8853
28.9386
28.727
28.8534
28.736
28.7989
29.444
29.0167
29.0442
28.689
28.6325
28.736
29.1241
28.5612
28.8036
28.6377
28.6132
28.5667
29.1762
29.1302
28.3744
28.9714
28.7814
29.0064
28.5826
28.9954
28.9149
28.7541
29.1229
28.5608
28.9936
29.5305
28.8177
29.1204
28.7712
28.8587
28.663
29.0672
29.0899
28.806
28.6845
29.0771
29.2939
28.8427
28.5472
29.0391
29.3627
28.7754
29.0418
28.6049
28.6352
28.7653
28.3277
28.83
28.5076
29.1468
28.802
28.7318
28.4387
28.6228
28.9364
28.9996
28.875
28.624
28.5808
28.3571
28.854
29.0592
28.7101
28.7533
28.7832
28.6143
28.7083
28.612
28.6617
28.7377
28.7309
28.7748
28.7434
28.8605
29.0711
29.5112
28.6424
28.8686
28.9025
28.5139
28.8585
28.7786
28.7824
28.7125
28.8224
29.1159
28.8589
28.8452
28.6692
28.6351
28.9933
28.9666
28.463
28.6327
28.7511
28.8651
28.5374
28.7791
29.038
28.6647
28.6612
28.6149
29.4385
29.1833
28.4218
28.5289
28.8303
28.7346
28.8197
28.6916
28.6832
28.8871
28.6215
28.6755
28.8216
28.8319
28.634
28.4761
28.4123
28.8005
28.9928
28.7361
28.9363
28.6217
29.1603
28.884
28.6964
28.7874
28.4902
28.66
28.7267
28.5243
28.4631
28.6639
28.3199
28.8351
29.0451
28.1678
28.7325
29.2498
29.0451
28.7892
28.678
28.8369
28.963
28.4267
29.2284
29.1414
29.3589
29.0495
29.0205
29.0323
29.2434
28.8668
29.3684
28.9057
28.8304
28.5713
28.9897
29.3035
28.9043
29.0684
29.432
29.2143
29.3002
29.0526
29.3128
28.8225
28.9176
29.0958
29.0467
28.8622
29.1582
28.9251
29.1505
28.9348
28.7729
28.8017
29.2022
28.5255
28.3081
28.4704
28.7621
28.759
28.9159
28.739
28.4143
28.9055
28.6372
28.7296
28.5937
28.6653
28.8579
28.4308
28.8684
28.5632
28.7769
29.3693
28.7819
28.6946
29.2822
28.7276
28.9722
28.3312
29.0775
28.7693
29.0465
28.5895
28.6604
28.5966
28.4984
28.3819
28.932
28.8772
28.6429
29.0227
28.9839
28.4631
28.9226
29.0257
28.9437
28.4794
29.2158
28.7996
28.6197
29.2942
28.8355
29.0539
28.6978
29.1093
28.8774
28.8875
28.4808
28.7428
29.218
28.9282
28.6468
28.7996
28.9118
28.9728
28.8279
28.867
28.626
28.6486
28.6907
28.818
28.8772
28.7698
28.3509
29.1439
28.9052
28.9446
28.6204
28.6819
28.9917
28.7805
28.894
29.066
29.144
28.9463
29.2107
28.9618
28.9119
29.1157
28.9603
28.8088
28.8782
28.962
28.611
29.0717
29.1809
28.9376
28.7165
29.2397
28.7943
29.0848
29.3984
29.352
28.8294
29.0171
29.3603
28.8484
28.9933
28.9868
29.2608
28.6682
29.1741
29.1366
28.7537
28.6238
28.6574
28.6933
28.7061
28.9955
28.9479
28.4942
28.6953
28.8309
29.164
28.9766
28.7216
28.7701
29.0583
28.5293
28.7885
29.141
28.3826
28.715
28.7563
28.9093
28.8818
28.328
28.8314
28.7398
28.7245
28.7018
28.7675
28.3774
28.5066
28.549
28.7199
28.3916
28.2594
28.8157
28.7324
28.8835
28.7484
28.7138
28.4602
29.0899
29.0674
29.0565
28.9536
28.7092
29.4214
28.436
28.5274
28.6018
28.3249
28.8623
28.5596
28.6491
29.2288
28.5107
29.0673
29.0469
28.7116
28.6679
28.7533
28.8336
28.9579
28.566
28.7654
28.8045
29.4137
28.4809
29.0943
28.8102
28.3438
28.8235
28.5569
28.9961
28.7306
28.9018
28.4852
28.7508
28.5408
29.1854
28.5853
28.8754
29.0587
28.3127
28.8732
28.8467
28.7158
28.7693
28.6351
28.6853
28.9153
28.6078
28.8543
28.9152
28.6848
28.9564
28.6798
28.444
28.5989
28.5509
28.7966
28.9205
28.7891
28.3554
29.2346
28.9203
28.7344
29.0248
28.645
29.0099
29.445
28.8649
28.8895
28.5087
28.9835
28.5351
28.8843
28.7951
29.0382
29.1713
28.6416
29.0368
28.649
28.6241
28.6561
28.8732
28.764
29.0156
28.4892
28.3666
28.9667
29.0058
28.789
28.4765
28.6259
29.4158
29.515
28.5943
28.9764
28.9331
28.8306
28.6428
29.1197
28.9769
29.0526
28.6386
28.5621
28.7144
28.6391
28.888
28.9977
29.0943
29.079
29.291
28.9355
28.7739
28.7763
28.8989
28.8079
28.4042
28.8548
28.553
28.996
28.9395
28.5118
29.1947
28.5053
28.928
28.6177
28.5143
28.9422
28.8337
28.8138
28.8959
28.6677
28.5473
28.748
28.7197
28.856
28.7463
28.9782
28.4398
28.1209
28.6183
28.4173
28.6912
28.8058
28.4729
28.4695
28.2147
28.6047
28.497
28.6799
28.8715
29.2691
29.1646
28.3976
29.1782
28.9447
28.678
29.1007
28.9601
28.675
28.8047
28.9535
28.5516
29.2197
28.6623
28.7568
29.0103
28.6338
28.9216
28.6848
29.0623
28.6075
28.8563
28.7903
28.5681
28.8458
28.6454
28.5867
28.8882
28.8944
28.9561
29.0212
28.8584
28.4946
29.1261
29.274
29.2788
28.7274
29.0701
28.9195
28.9221
29.2412
28.8302
29.2035
29.0861
28.6929
29.0043
28.7049
29.0189
28.8837
28.9336
28.6689
28.6921
28.8198
28.6428
28.7785
29.1762
29.0566
28.8068
29.3008
28.8409
28.7684
29.4074
29.0293
28.764
28.8027
28.8405
28.2858
28.8255
28.8607
29.1171
29.128
29.1441
28.55
28.9258
28.7304
28.2799
29.0415
28.4136
28.8782
28.2766
28.7754
28.8106
28.6575
28.5297
28.9095
28.9242
28.9724
29.1283
29.0209
28.7116
28.928
28.903
28.5041
29.0616
28.8801
29.0778
29.3512
28.7752
28.7892
28.7996
29.1249
29.1132
28.7919
29.0469
28.9021
28.8512
28.5908
28.7856
28.7148
28.9888
28.6953
28.9098
28.9324
28.941
28.8236
28.6734
28.6257
28.5325
28.9521
28.8071
28.6142
29.3116
28.661
28.7505
28.6567
28.4703
28.5265
28.5563
28.5722
28.8059
28.2968
28.8168
28.5746
28.5687
28.9717
28.7659
28.8598
28.8632
28.8096
28.5866
28.8673
28.9141
29.0482
29.1558
29.1553
29.1828
28.642
28.8209
28.9998
29.018
28.6095
28.4815
29.0675
28.4411
28.7826
28.7967
28.9034
28.8011
28.8716
28.4233
29.3931
28.6376
28.9942
28.1491
28.5367
29.2452
29.0093
28.9592
29.2673
28.886
29.0189
29.0422
28.9801
28.9895
29.17
29.4382
28.9676
28.9432
28.8995
28.9462
29.1326
29.0073
28.6744
28.9661
29.0822
29.1661
28.7343
29.2016
29.0739
29.0046
29.3785
28.8564
28.8275
28.8718
28.9189
28.6041
28.7548
28.8433
29.2371
28.9469
29.0437
28.9335
29.3407
28.9279
28.7931
28.7441
28.7921
28.4653
29.0943
28.9165
28.4966
28.7099
28.7583
28.4847
28.9174
28.6434
28.5172
28.8677
28.9931
28.5267
28.7558
28.4405
28.3205
28.9706
28.7583
28.8159
28.7109
28.6622
28.6055
28.6551
28.9841
28.788
28.6877
28.9747
28.6851
28.754
28.8177
28.7537
28.8022
28.7475
28.7648
29.2232
28.574
28.7681
28.6306
28.48
28.2805
28.9476
28.715
28.9165
29.0361
28.5401
28.9851
28.7002
28.8994
28.5306
28.8159
28.5461
28.7427
28.6413
29.1491
28.7895
28.8528
29.0167
28.7391
29.0537
28.486
28.589
28.9481
28.632
28.6945
28.3737
28.7232
28.5811
28.6966
28.6553
28.3221
28.3866
28.8058
28.3947
28.8849
28.4917
28.5939
28.7008
29.1435
29.1453
29.017
28.8006
28.9438
29.1079
28.4888
28.8376
28.8176
28.8941
28.4943
28.8941
28.7284
29.0565
29.0303
29.059
28.9551
29.4364
28.8642
28.9287
28.536
28.8509
28.8948
28.7843
28.7634
28.9609
28.7635
28.9088
28.7648
29.1253
29.0081
28.6972
29.2285
28.9549
28.8419
28.6705
28.9896
28.5297
28.8013
28.9604
28.7088
28.608
29.0028
28.7525
28.9153
28.8272
28.7328
29.0906
28.7049
28.7883
28.9272
28.8133
28.9641
29.0919
29.2201
29.0523
28.9548
28.8809
29.2045
29.223
29.1228
28.6476
28.5364
28.7508
28.453
28.8766
29.0523
28.9952
28.4511
28.5564
28.4282
29.2481
28.5734
28.992
28.832
28.6184
28.6835
28.6322
29.0049
28.9994
28.6742
28.6175
28.9575
28.9291
28.8499
28.8618
28.8097
28.6543
28.9656
28.9789
28.7525
28.273
28.5362
28.5241
28.5463
28.281
28.167
28.7935
28.6165
28.8691
29.0746
28.6954
28.4172
28.3639
29.0758
28.9062
28.7519
28.5589
29.0557
28.6377
28.1566
28.5748
28.7744
28.7302
28.7604
28.5699
28.5913
28.8042
28.6688
28.8045
28.6877
28.9567
28.8184
28.8583
28.9288
28.74
28.9371
28.4199
29.0202
28.8831
28.8521
28.641
28.5636
28.84
28.8808
28.7544
28.6201
28.8181
28.3091
28.2844
28.2682
28.239
28.653
28.4642
28.7244
28.2556
28.7078
28.72
28.3301
29.0372
28.7583
28.8287
